1 8884 1.12001715725
2 2321 1.57236583475
3 3329 -0.779337646749998
4 55327 -1.23153927675
5 3183 -0.928646849500002
6 7024 -0.729095443249999
7 10767 0.811315982750001
8 394 -1.04539339625
9 3309 -0.8394201845
10 757 -0.744791523250001
11 79074 -0.62696235
12 255403 -1.0184959805
13 84631 -0.724556384249999
14 4686 -0.61184721275
15 2115 -0.72897318425
16 161742 -0.89145201325
17 115294 -0.9362743455
18 6302 -0.666479646750001
19 10138 -0.817321321250001
20 1389 -0.912774531
21 26092 -0.9377166455
22 9814 0.553213089500001
23 65986 -0.616099927250001
24 27327 0.539123679
25 267 1.6950329805
26 116228 -0.650627352750001
27 7763 -0.828943262750002
28 402483 0.598823556000001
29 949 0.563366060250001
30 23231 -0.76846162925
31 84365 -0.61452540575
32 6451 -0.614509101749999
33 10920 -0.725987903749999
34 4162 0.760792523
35 64343 -0.714499652000001
36 10890 -0.90938564225
37 257019 0.7419818715
38 5286 -0.955340249999999
39 6009 -1.101101889
40 51714 -1.2347261335
41 11095 0.576034064
42 153579 0.866524457000001
43 633 1.0134111225
44 9454 0.4686045745
45 55664 -0.615912001500002
46 5290 -0.854598461250001
47 9554 -0.725838983749999
48 57570 -0.641239570250001
49 23530 -1.26963901
50 10959 -1.2119111005
51 51495 -1.33529351375
52 901 -1.1076701995
53 9701 0.846375069750001
54 2289 -1.3971231735
55 5868 -1.18082636075
56 55066 -0.65779143825
57 201475 0.531469733499999
58 4200 -0.948189248
59 3800 0.4841412515
60 10490 -0.621908719
61 2936 -0.7782384525
62 334 -0.68420985025
63 10140 -1.33318667425
64 387 -0.628692779500003
65 5412 -0.562805777000001
66 6391 -0.955075415
67 821 -0.669507273250002
68 84445 0.545584996750001
69 51616 -1.79196250375
70 9510 1.6164471905
71 51148 1.0642197975
72 23473 -0.74660558925
73 93663 0.733862599000001
74 4076 -0.960038481750001
75 94103 -0.649537529500001
76 9252 0.48247974125
77 222255 0.691857356749999
78 1000 -0.42665117425
79 8706 -0.869653755250001
80 79648 -0.6144242825
81 64854 -0.704616373499999
82 3652 -0.6032913105
83 56204 0.658420059249999
84 2073 0.66385662325
85 23190 -0.958743074
86 6935 -0.74189379575
87 100130742 0.5868249705
88 2670 0.5851027
89 23433 -0.558200494249999
90 408 -0.69632676875
91 5716 -0.8115497245
92 1820 0.531466927999999
93 8724 -0.687629680999999
94 1964 -0.95299890975
95 56851 -0.565280737250001
96 23175 -0.605231051250001
97 5928 -0.825138511
98 4666 0.578839007249999
99 1842 0.875925438499999
100 56681 -0.751240352249999
101 27125 0.615186950750001
102 127253 -0.620066672749999
103 57412 -0.692066828
104 100505929 0.97471622
105 10944 -0.493149878000002
106 4953 -0.690045564249999
107 10390 -0.531545218
108 6096 -1.02179667025
109 9821 -0.665247469000001
110 79666 -0.8015947635
111 56674 -0.86890411525
112 22949 -1.53902376575
113 5142 -0.720044763500001
114 54629 -0.77269099025
115 27069 -1.22264356075
116 7009 -0.732535645000002
117 5166 -1.1839464285
118 285282 -0.440200027250001
119 4850 -0.79054649775
120 29058 -1.055907466
121 81611 -1.2059268335
122 26051 0.706178609750001
123 8718 0.748815778499999
124 100505648 0.47603811125
125 4077 -0.719536165499999
126 23048 0.68037510175
127 26030 0.582282740749999
128 151230 -0.654628637750001
129 56889 -0.57939913375
130 11014 -0.5938553935
131 6595 -0.820422347249999
132 84298 -0.613797933999999
133 163 -0.752391065499999
134 4241 0.659942077749999
135 9789 -0.594237112999998
136 79109 -0.877126877
137 3910 0.69225499175
138 5175 0.55583529575
139 10914 -0.983816641999999
140 10234 0.6073239065
141 51512 0.470087715499999
142 90338 -0.59910104825
143 219988 -0.553680160250001
144 23609 -0.62566609175
145 6429 0.704827151
146 9532 -0.803166673499999
147 285195 -0.462202086750001
148 79692 -0.54615111525
149 23164 -0.510113534250001
150 22931 -0.762865675499999
151 80022 0.56138348525
152 6621 0.42886932625
153 11052 -0.598327133750001
154 54534 -0.90173067175
155 23155 -0.81959027625
156 10640 -1.28271787425
157 5832 -0.49148195475
158 53405 0.723345391500001
159 219931 0.458472460249999
160 25804 -0.86609919425
161 55930 0.762221501750001
162 126119 0.423815060499999
163 1831 -0.70510669475
164 7046 0.799525656249999
165 89796 0.798316933000001
166 116151 -0.52321262575
167 55691 0.517597865500001
168 57150 -0.63888954725
169 51095 -0.565848064249999
170 7332 -0.627574773999999
171 11080 -1.03991976975
172 284618 0.606163965000001
173 2263 -0.603096319499999
174 284443 0.431161638750001
175 51012 -0.478781233000001
176 2017 0.49212540475
177 4215 0.490949448
178 9060 -0.469529296749999
179 54165 -0.520414494500001
180 57509 0.85718347875
181 1272 -1.06965225325
182 9550 -0.692835411499999
183 8545 -0.80733869925
184 348751 0.675023931500001
185 79071 -0.74409533125
186 23014 -0.870364454499999
187 81575 1.463122718
188 10411 0.61505778475
189 375790 0.682011579249999
190 410 0.40742393775
191 9702 -0.456462118749999
192 55151 -0.47945527675
193 4735 -0.783925396249999
194 10691 0.597758403999999
195 10723 0.56647698125
196 166968 -0.7372508555
197 10499 -0.656318747
198 116 -0.47046565325
199 29766 -0.374783805
200 2319 -0.556897075249999
201 132241 0.500137140250001
202 79810 -0.65089466725
203 10772 -0.661742883
204 9444 0.486287182250001
205 54940 -0.907244208250003
206 6500 -0.531134185999999
207 57801 0.75409541975
208 10773 -0.4452385705
209 4690 -0.589705389500001
210 149563 0.61194902625
211 729678 -0.51980198175
212 55602 -0.73276895775
213 642852 -0.862522129749999
214 1452 -0.82920411
215 92689 0.43004014525
216 23576 -0.553298879
217 23152 0.413194234250001
218 100289019 0.398235891250001
219 114044 0.370146830749999
220 1824 -0.43957523
221 79839 0.58156430825
222 378805 -0.591412199999999
223 28232 0.549041675499999
224 729234 0.6008434805
225 999 0.49631537125
226 23392 0.6414002835
227 8763 -0.67364009325
228 1378 0.447367723
229 53344 -0.510766841
230 6745 -0.882245176250001
231 10724 -0.83407660925
232 80218 -0.86883157275
233 22916 -0.863729456750001
234 7803 -1.0985500925
235 51729 -0.56646188325
236 11017 -0.545693667250001
237 10728 -0.572668975000001
238 78994 -0.3654784955
239 149134 0.5316387215
240 22818 -0.786895120250002
241 6196 0.4958549665
242 113402 -0.719574520250003
243 23568 -0.584982626
244 2752 -1.202119915
245 64762 -0.508716624
246 285237 -0.6288244875
247 148170 0.97644356525
248 9948 -0.537745768000001
249 619279 0.403949954250001
250 4629 0.501997853000001
251 51704 -0.76278568825
252 80233 0.572244317499999
253 55916 -0.6783167695
254 52 -0.702888724
255 10576 -0.901109895
256 2852 0.8209240725
257 5440 -0.375919184999999
258 5539 0.3819556335
259 7871 -0.724613734250001
260 144363 -0.80952017575
261 10613 -0.4609326055
262 56937 0.58265004575
263 5591 -0.82571010425
264 3839 -0.92211783525
265 84060 -0.499654355999999
266 56131 -0.899470519
267 6507 -0.44460466275
268 11231 -0.479965764499999
269 64849 0.38243295825
270 6760 -0.557635091750002
271 864 0.9632419225
272 151050 -0.43075327625
273 64327 -0.97018766975
274 3716 -0.78419920775
275 8620 0.44318345275
276 144571 0.4930355945
277 257407 0.454218182500001
278 51755 0.420357238749999
279 85027 0.68526688225
280 6901 0.47351854525
281 9801 -0.690101970000001
282 23120 0.4341804325
283 84632 -0.5093324685
284 8508 -0.628738973999999
285 23325 -0.703156467249999
286 6339 0.40161505275
287 4296 0.62409105125
288 3128 0.610546815499999
289 253559 -1.06967720725
290 1024 -0.5298301605
291 55862 -0.538542141500001
292 4684 -0.529406081499999
293 55028 -0.44799533875
294 57226 -0.62590145425
295 4993 0.37073144775
296 9203 0.469402650000001
297 8871 0.808659920249999
298 4189 -0.76467597375
299 6827 -0.514799897250001
300 286410 0.3870204825
301 124454 -0.330101575499999
302 55233 -0.6458619875
303 84340 -0.722292338
304 2643 1.4901539955
305 5420 1.03861690975
306 2200 0.388806250499998
307 9128 -0.9030854685
308 4916 0.52560283
309 4719 -0.4559510325
310 57724 0.5833609845
311 51477 0.714275442749999
312 92482 -0.443504476749999
313 1660 -0.66312819125
314 9647 0.355837431249999
315 9265 0.480150772750001
316 60592 -1.05172440375
317 406 -0.91257689375
318 85476 -0.59372136475
319 10181 0.408158755000001
320 1200 -0.766485327000002
321 256236 1.45221235375
322 220213 -0.3769901025
323 252839 -0.734100796
324 9488 -0.6326892405
325 29796 -0.714935561
326 135114 -0.758408520249999
327 51277 -0.68548248375
328 5885 -0.545594989250002
329 1292 0.861855027
330 7547 -0.43531812575
331 85301 0.910609017750001
332 324 -0.60885956875
333 23161 -0.64306539525
334 11057 -0.44708601575
335 400 -0.776727853500001
336 81688 -0.916287102749999
337 112724 0.4071602925
338 79778 0.72417387
339 114823 0.71973290975
340 7334 -0.9720727805
341 8209 -0.920871814000001
342 6996 0.8539781375
343 154215 0.779822631250002
344 441094 -0.50636645675
345 6405 0.530928569
346 11161 -0.8691579235
347 55357 0.4851051875
348 1953 0.39594925525
349 54942 -0.516208880000002
350 55364 -0.574245596999999
351 4485 0.540209701
352 4820 0.500776523999999
353 10130 -0.516556354
354 64710 -0.73496618175
355 140710 0.58243038275
356 205 -0.564150387749999
357 3714 0.6199254395
358 84640 -0.73478351975
359 145483 -0.505107217000001
360 25820 -0.503120581500001
361 57494 0.799843409749999
362 80760 0.73609524825
363 2130 0.55695863
364 998 -0.56303958775
365 26090 0.814448387000001
366 3337 -1.210013005
367 6426 -0.8658596235
368 8450 -0.5353106365
369 6432 -0.402645853999999
370 89970 -0.527897694500001
371 23613 0.3888728735
372 9939 -0.581951598749999
373 3843 -0.490392248
374 11212 -0.88682342225
375 399979 -0.4511260475
376 1737 -0.784288037
377 50862 0.528512296
378 54581 0.30627413825
379 3635 0.767446025750001
380 9747 -0.558455752250001
381 10102 -0.818838748750001
382 775 0.553312151999999
383 54708 -0.607803190749999
384 150244 0.86722572775
385 29775 0.447908880500001
386 146722 0.36123364025
387 55218 -0.57777041825
388 9601 -0.46566923975
389 55629 -0.58854752625
390 473 -0.657469929249999
391 80146 -0.527895412
392 51669 -0.559530262250001
393 8749 0.325409501
394 6341 -0.666526429249999
395 344905 0.44344749925
396 2335 0.889560715000002
397 91298 -1.24198109625
398 57125 0.695023573749999
399 5096 -0.64296256775
400 51296 0.472869407999999
401 4289 -0.763192963250001
402 2934 -0.66329165225
403 3416 -0.476001829500001
404 9630 -1.10318843525
405 23471 -0.617297805250001
406 55293 -0.797234819250001
407 55743 0.44173844725
408 162073 0.5692125545
409 80781 0.611726774
410 8470 0.341833014
411 64411 0.643908109250001
412 304 0.53119974675
413 7756 0.506809902500001
414 23524 0.501039524749999
415 9802 -0.594087909749998
416 10170 0.5081723045
417 81847 -0.62617414525
418 166785 -0.437471604250001
419 6925 -0.679700638750001
420 728537 0.497563356750001
421 59084 -1.956606893
422 55632 -0.638646162
423 57085 0.57698092325
424 80777 -0.888625099750001
425 4179 -0.47057882425
426 26036 0.90336361325
427 9645 0.394650754
428 28973 -0.5182741885
429 55832 -0.8209998835
430 55757 -0.40938998425
431 1457 -0.779633435000001
432 9863 0.56327027375
433 11168 -0.600361388
434 10806 0.51088928875
435 11051 -1.12454093275
436 10771 -0.496680371499998
437 100302692 0.665717386499999
438 51128 -0.820908983000001
439 51094 -0.353412649000003
440 64147 -0.637590904750001
441 50509 0.6736253975
442 9317 -0.7313223985
443 3313 -0.506127079500001
444 140890 -0.589642752
445 9839 0.676774928499999
446 518 -0.449267944250001
447 26108 -0.649772857
448 283870 0.4280863205
449 22824 -1.519253562
450 81669 0.419747658499999
451 10099 0.354198678000001
452 729732 0.73044935175
453 24142 0.38251845475
454 84457 -0.641759574999998
455 4089 -0.430655677999999
456 22861 0.33391623575
457 8829 -1.0600128015
458 57154 -0.380676815999999
459 378938 0.419617387499999
460 147166 -0.4626200145
461 10529 0.724300099500001
462 81627 -0.484029966750001
463 143686 -0.422778685
464 8848 -0.44340738
465 283999 0.86005739075
466 150759 0.790787948499999
467 25939 -0.408124116
468 93643 0.445056686499999
469 2014 0.642060986500001
470 22897 0.4925419645
471 54819 -0.401383239749999
472 2222 0.695935063499999
473 64784 0.36083321475
474 1360 0.5990757305
475 6095 -0.532784565749999
476 187 0.986757478749999
477 10652 -0.660109217
478 51496 -0.47593468325
479 90624 -0.434708543500001
480 7077 0.661308014999999
481 54901 -0.37691088525
482 8875 0.58568615025
483 9445 -0.5177870025
484 5861 -1.12535728775
485 4300 0.56938144775
486 27436 0.366189212249999
487 2181 -0.486239361999999
488 23244 -0.81626643
489 54832 0.690677420499999
490 84869 0.420568825999999
491 5878 -0.608956551250001
492 55754 -1.23221918625
493 3419 -1.07997008875
494 55116 0.47490346325
495 7328 -0.723571149
496 5595 0.376797697499999
497 6632 -0.410636657249999
498 9425 -0.469971350250001
499 3178 0.504784694
500 150465 0.345605101249999
501 283578 -0.560078406000001
502 5494 -0.5552504215
503 11112 -0.592721207749999
504 687 -0.826075692
505 5074 -0.4924423775
506 124739 0.44262298075
507 7942 0.452975743250001
508 4676 -0.464108385250002
509 1936 0.514884364
510 51142 -0.588579864249999
511 25814 -0.72194374675
512 338657 0.524079353500001
513 221092 -0.48263033175
514 9364 -0.4520108495
515 51318 -0.569009225250001
516 8140 0.569807044500001
517 23635 -0.7789450145
518 23291 -0.3741738875
519 55002 -0.4842895735
520 55766 -0.37805490975
521 100288490 0.303727062250001
522 60468 0.35995469175
523 9889 -0.45795811325
524 57532 -0.580490232249999
525 29927 -0.622586063250001
526 57017 0.530589065250001
527 988 -0.6199375155
528 9470 -0.42252528575
529 285512 0.511100484
530 51081 -0.654928964249999
531 80155 -0.364403169750001
532 7768 -0.4555487965
533 51582 -0.74896927425
534 136306 0.33969877225
535 79634 -0.567111272499999
536 9923 -0.38228916
537 285971 0.395766806749999
538 5151 0.671462728750001
539 123606 -0.41253413425
540 20 0.57424417875
541 9419 -0.478753244750001
542 9169 -0.42742340725
543 81790 -0.71966891325
544 1302 0.495000128749999
545 9816 -0.42924166925
546 101927027 -0.57958465625
547 4711 -0.644409957750002
548 3293 0.69643825
549 317671 -0.362979335249999
550 8832 0.47785922025
551 23053 0.45404417025
552 18 -0.5254606875
553 51635 -0.285512017750001
554 643376 0.497553656500001
555 29078 -0.629754124750001
556 50515 -0.568854609500001
557 84333 -0.717377250999999
558 51501 -0.81442522125
559 84961 0.378625089250001
560 2006 0.3837602185
561 8402 -0.676557036249999
562 4976 -0.74300487525
563 1656 -0.59409718575
564 23585 -0.375994949999999
565 8573 -0.4225593185
566 441052 0.38443351125
567 91408 -0.6335634615
568 255743 0.709308647999999
569 23208 0.5114268425
570 1629 -0.56418724125
571 10175 -0.470575227000001
572 79780 -0.4097232265
573 22919 -0.492298322750001
574 100505718 0.305750822
575 9604 -0.888937459749999
576 389741 0.543393785749999
577 728061 0.481707354999999
578 91612 -1.14978365125
579 3281 -0.35249987525
580 11182 0.324355263249999
581 11240 0.497290714749999
582 664 -1.161125108
583 118987 -0.534009655500002
584 10159 -1.046824592
585 51619 0.332108218749999
586 5784 0.504941719749999
587 9337 -0.50090845175
588 5230 -0.637878467249999
589 63916 -0.529466202
590 54763 -0.38997389325
591 51008 -0.75051575625
592 163033 0.331558054500001
593 79720 0.44031523275
594 339541 0.33961398275
595 22877 0.418778669
596 10105 -0.827073945
597 79577 -0.519258694999999
598 55752 -0.7172214195
599 57602 0.525486314500001
600 9522 -0.935459532000001
601 59271 0.69660340125
602 55280 -0.388511193999999
603 346157 -0.57876071025
604 54093 -0.52343708225
605 51478 0.383943405999999
606 55620 0.43898206875
607 6856 -0.773167493
608 79966 -1.1453161135
609 56899 0.57420587975
610 85442 0.354248299249999
611 60685 -0.51450728375
612 10294 -0.6977165855
613 6138 -0.36780456
614 4893 -1.01209650975
615 84657 0.3394130075
616 79923 0.674444404749998
617 4947 -0.613094294999999
618 51510 -0.517617663499999
619 1499 0.65329655175
620 641977 0.390751308
621 83543 0.5984677565
622 528 -1.013705817
623 56906 -0.900563980749999
624 9063 -0.329361412
625 3798 -0.469897294000001
626 493753 -0.52822803275
627 8192 -0.361294745999999
628 118980 0.3486987045
629 57189 0.504858060499998
630 144811 -0.510741917000001
631 5387 -0.357884291500001
632 54859 0.345372279000001
633 23476 0.403155272249998
634 57475 0.6563349555
635 6387 1.0424173985
636 55709 -0.426842670999999
637 60558 -0.617601398
638 10312 0.555965313500001
639 90806 -0.68805114225
640 5439 -0.600025142249999
641 84891 0.304710184749998
642 2628 -0.420213736000001
643 22997 0.393116177
644 219348 0.874639269
645 79627 -0.966378936250001
646 10963 -1.1485470185
647 64400 -0.545342527000001
648 54660 -0.38480992775
649 23118 -0.6190448
650 57498 0.338625174749999
651 3111 0.509253457
652 253943 -1.002745656
653 7109 0.466448964750001
654 378 -0.720031693999998
655 10365 1.12708046525
656 26136 0.59804702
657 1298 0.5766592255
658 51592 0.587100312
659 6120 -0.4688839715
660 3084 -0.347461122
661 2192 0.489875189250001
662 220001 0.342073742999999
663 6397 -0.60841029075
664 54499 -0.41138212475
665 989 -0.43931770075
666 8720 -0.35061905025
667 387082 -0.33876974125
668 10473 -0.458815092499998
669 5481 -1.09104954525
670 10606 -0.59270462075
671 55684 0.4133461375
672 344148 0.295372093
673 51747 0.33962520775
674 9793 -0.746023893750001
675 389362 0.7756189435
676 2701 0.63035406675
677 4256 0.51616669425
678 9639 0.7045666385
679 58505 -0.5980915175
680 84838 0.33073438925
681 80230 0.301691699500001
682 81537 -0.981658522
683 4238 -0.40919195425
684 55207 -0.985831678000001
685 51114 0.484645764750001
686 10319 0.518004727249999
687 51291 0.29664362025
688 84879 0.735967208999999
689 645566 0.46430197925
690 395 0.4788068945
691 9975 -0.8023189365
692 56999 1.24485599275
693 140685 0.349492537
694 152485 -0.34475168275
695 4781 -0.46593425975
696 2316 0.66125220875
697 57670 0.329759398
698 114785 0.452645307
699 5621 -1.22819448275
700 57120 -0.62661268125
701 390205 0.473370106750001
702 5594 -0.74173175325
703 9125 -0.5134034095
704 10189 -0.779481838999999
705 7520 -0.629540746499998
706 51088 -0.342276401
707 23236 -0.447926536000001
708 158158 0.821626903499999
709 3514 0.3089105775
710 5464 -0.755888839500003
711 4217 -0.6812979555
712 29015 0.462157542250001
713 1965 -0.32380683025
714 3727 0.343507792500001
715 6505 -0.6273315735
716 387921 0.333404069
717 25842 -1.17670120525
718 57553 0.38080506575
719 6515 1.293548837
720 27166 -0.462430339750002
721 285527 0.29696985475
722 1386 -0.94056015325
723 57291 -0.522975798249998
724 5966 0.373017788249999
725 11329 0.472315916
726 9260 0.60297212125
727 79786 -0.428941812
728 5537 -0.48632482525
729 2676 0.32207355175
730 771 -1.1136275505
731 3030 -0.44969377425
732 5573 -0.57811985775
733 10146 -0.480805959249999
734 4664 -0.47845504425
735 54946 -0.450716194500001
736 25771 0.346450179000001
737 119016 0.539757225999999
738 5325 -0.516288258500001
739 6275 0.995617270999999
740 64924 -0.72443891375
741 9989 0.381317355749999
742 83549 -0.303231076499999
743 56901 0.53770158325
744 7158 0.357392864
745 27128 0.3464877155
746 55193 0.43665035275
747 9709 -0.570638331500001
748 29035 -0.644821976749999
749 124491 -0.597424220750002
750 3096 -0.512415439249999
751 30846 0.536768294750001
752 25992 0.48546566125
753 2776 -0.41064447275
754 81855 0.522743213500001
755 79670 0.5940384015
756 4123 0.36574739925
757 2819 0.668846481999999
758 55245 -0.506197842
759 8175 0.497770166999999
760 64427 0.448709972
761 57634 0.62354227075
762 84656 -0.33668351975
763 51164 -1.0154383735
764 7837 0.506153458
765 9414 0.60577144225
766 6667 -0.4663552485
767 56892 0.724191271
768 51247 -0.739222251000001
769 23135 0.561357725000001
770 9611 -0.3702763815
771 23704 0.754142007999999
772 55958 -0.437745130749999
773 7041 0.880418669499999
774 26135 -0.5186658615
775 22841 -0.604365204250001
776 9262 -0.82001535225
777 124540 -0.570908585
778 6774 -0.442361513999998
779 23731 -1.0896470635
780 79647 -1.0364314975
781 284677 -0.3467070405
782 8908 0.4502224785
783 9589 -0.73584854025
784 55168 -0.368542164499999
785 6422 0.6978794525
786 64856 0.506119819750001
787 117145 -0.42353817625
788 10801 0.471966213
789 51340 -0.794443877500001
790 55680 0.39904560075
791 10491 0.416278898
792 79132 0.34726545325
793 7323 -0.301431944000001
794 440823 0.713343026
795 10493 0.374042222250001
796 3980 -0.431352103249999
797 5119 0.316498567249999
798 100130357 -0.2586470255
799 23185 -0.75707581425
800 84033 0.3598220135
801 50852 -0.27106308475
802 5980 0.624844291
803 4125 0.41968080125
804 220074 -0.688484518749999
805 5048 -1.23973117775
806 3604 0.3583857345
807 9991 -0.3341695935
808 55016 0.26596337925
809 51715 -0.412444498750001
810 23225 0.45747556125
811 83931 0.343873808500001
812 65267 -0.947167674749998
813 23457 0.60494922825
814 79718 -0.575593845
815 221078 0.478096832
816 64802 -0.29913509525
817 25960 0.427587576750001
818 121512 -0.50957105325
819 27253 0.32017201475
820 131096 0.7872596725
821 5777 0.354411349999999
822 2273 -0.9493805645
823 51762 -1.028630837
824 4524 0.5621330995
825 132625 0.30490629225
826 9779 -0.47382427975
827 54664 -0.820333628249999
828 55234 -0.37057844675
829 5793 -0.37789995275
830 4332 0.558118844
831 25865 0.490507319999999
832 25800 -0.7399200875
833 9910 0.356463058999999
834 26091 -0.390691997249999
835 11279 -0.3446796475
836 22836 -1.190918617
837 340061 0.738666793999999
838 51105 0.471862901250001
839 58497 -0.41709835125
840 93166 0.41880500275
841 105373150 0.286561871999999
842 10203 -0.421535110750002
843 64780 0.408635973999999
844 11278 -0.407146708750001
845 89797 0.49127150825
846 3977 -0.861429010000001
847 54944 -0.31704804375
848 11155 0.772458331749999
849 84458 0.447117334
850 84661 -0.48508299775
851 55353 -1.123937725
852 23241 0.410025419249999
853 64801 -0.545724914000001
854 57102 -0.402827242249999
855 10935 -0.896436540499998
856 116985 0.465676392250001
857 8906 0.504872090500001
858 653308 -0.386745757
859 10001 0.55750327325
860 7791 0.459028002249999
861 401152 -0.353330350750001
862 57492 0.494250700999999
863 254778 -1.157882617
864 6947 -0.357950723499999
865 2912 0.41531404425
866 2923 -0.44018239725
867 8773 -0.46153052325
868 10526 -0.33181130675
869 27314 -0.57433986875
870 64284 -0.336183373750001
871 10778 -0.440070528
872 85458 0.302462983750001
873 1186 0.344816347500002
874 5901 -0.7344887875
875 285550 -0.37714111925
876 1195 0.500502912
877 119504 -0.5356971905
878 89876 0.426634636249999
879 10093 -0.53311556225
880 284013 0.344151805750001
881 3014 -0.33630967525
882 7168 -0.54945614625
883 51313 -0.604933476999999
884 2887 0.4627359455
885 4017 0.57343378175
886 4597 -0.399712048749999
887 9026 0.556166913249999
888 6653 0.450186366
889 26002 -1.16727689
890 55008 0.5080634355
891 23286 0.638905917
892 199223 0.47794306075
893 219595 0.77077953825
894 4898 0.295953289
895 25932 -0.92815457675
896 4688 0.43682938675
897 4199 -0.757912837749998
898 6926 0.437032250249999
899 10097 -0.8849355645
900 140739 -0.506541949249999
901 57593 0.431999896000001
902 5062 -0.69159823625
903 23196 -0.447769807
904 5479 -0.462578528749997
905 169611 0.764327152
906 4047 0.402271441
907 80332 0.662306558
908 6440 0.394853564999998
909 8862 0.400861801500001
910 57697 0.4667262155
911 6443 -0.5454595075
912 8405 -0.328338774000002
913 5549 0.542231635000001
914 23560 -0.29542087775
915 1649 -0.3935294555
916 6741 -0.409509532749998
917 2079 -0.400065252499999
918 80228 0.460157669749998
919 2665 -0.683015835750001
920 5585 0.371338037999999
921 29883 -0.88918079325
922 7027 -0.308448739750001
923 5781 -0.544685380250001
924 3842 -0.394457350500002
925 10617 -0.34377932025
926 3856 0.3147854015
927 134492 -0.5976926945
928 5396 -0.45175482125
929 57110 -0.477725545499999
930 375387 0.415368483250001
931 103344928 0.3491316745
932 101927620 0.26291539425
933 2066 0.785408521
934 116835 0.6458038095
935 7086 -0.354404389999999
936 29123 0.42074358125
937 57194 0.6399572745
938 6546 -0.572051278
939 101929897 0.34701365675
940 10444 -0.554926106499999
941 2271 -0.688975944
942 57449 0.29889422525
943 10180 0.41184992375
944 112487 -0.40443039
945 81887 0.416786234
946 10150 -1.02677132175
947 63974 -0.538968180000001
948 2662 -0.30944490625
949 9448 0.665122029750001
950 83642 0.27287892025
951 6711 -0.474862858500002
952 64062 0.381991125750001
953 26118 0.421879283999997
954 2635 1.09904967525
955 5551 0.416092901
956 126204 0.3938431775
957 4897 -0.723686820499999
958 27233 -0.558962767999999
959 11020 -0.4817777765
960 27094 0.297284333249999
961 11214 0.55012172075
962 6259 -0.34166365525
963 10443 0.670837431000001
964 1785 0.40178360725
965 80336 0.5683890915
966 23387 0.4958583015
967 51218 -0.408546237750002
968 55297 -0.546483336
969 3965 0.556983509250001
970 55692 0.31777147475
971 9774 -0.476835642999999
972 7052 0.758549002750001
973 41 0.3166819495
974 5792 -0.527505887000001
975 80031 0.36023365425
976 85451 0.28651969775
977 10607 0.4276487405
978 65080 -0.850509839499999
979 54432 -0.40996692425
980 342926 -0.333333255499999
981 51083 0.34516333975
982 8938 0.518652083499999
983 257000 0.512940305000001
984 375775 0.350816859249999
985 81856 0.45181491675
986 5150 0.311758966999999
987 9749 -0.594674852500001
988 84437 -0.5553661465
989 51263 0.45465090325
990 55161 -0.533270317750001
991 5191 -0.369324492750001
992 23039 -0.497326563000001
993 51020 -0.724771497000001
994 3308 -0.429300517
995 64072 0.340415287499999
996 23313 0.427753011500004
997 8784 0.29337134725
998 10580 0.291251903
999 8738 -0.319745836000001
1000 51380 0.307177897
1001 1050 0.49815721625
1002 25912 -0.64231759225
1003 25956 0.431629908750001
1004 125 -0.652686087999999
1005 98 -0.606708940750001
1006 23378 -0.427476304500001
1007 124857 -0.4298647385
1008 284161 -0.40021506175
1009 8605 0.4753518575
1010 54961 0.336822123750001
1011 414194 0.31358811325
1012 904 -0.318875587999999
1013 100507098 0.322512332499999
1014 55781 -0.504809048749999
1015 10548 -0.406889120749999
1016 10370 -1.334688639
1017 6599 0.567794156250001
1018 2958 -0.363709430250001
1019 10938 0.420928223500001
1020 285 -0.698116041750001
1021 182 0.5683491455
1022 2583 0.35648183175
1023 84859 0.4028085175
1024 3755 -0.39837905625
1025 149986 -0.48826472375
1026 160 0.476543334
1027 29090 -0.480898863249999
1028 1837 -0.6170249845
1029 51110 -0.57217969775
1030 10128 -0.555209329
1031 51735 0.45709934475
1032 5903 -0.455385772750001
1033 2926 -0.59409200925
1034 10973 -0.34680693625
1035 441204 0.3851779065
1036 22999 -0.7646933245
1037 10988 -0.302619870500001
1038 56969 0.680567250499999
1039 7840 0.58835819
1040 1427 0.3978280055
1041 1969 0.643547863749999
1042 441108 0.485946172499999
1043 10787 -0.891058743250001
1044 6035 0.509033173750002
1045 414918 0.390634334
1046 6059 -0.540917711500001
1047 8301 -0.47786904575
1048 7150 -0.384382455999997
1049 783 0.6858823865
1050 200728 -0.753320871250001
1051 10006 -0.770946674500001
1052 53828 0.28630748725
1053 8554 -0.56714593525
1054 225 -0.53082937725
1055 396 0.3017121745
1056 84101 -0.3237290305
1057 56929 -0.663079065250001
1058 427 -0.4710547815
1059 1182 -0.471206512750001
1060 644150 -0.3331140155
1061 26112 0.375720557499999
1062 401562 0.34830779875
1063 57447 -0.726537666250001
1064 22906 0.45841959675
1065 100129406 0.4668938075
1066 81689 -0.793750984749999
1067 7555 -0.524344208500002
1068 22990 0.30533842725
1069 3326 -1.23392691325
1070 2178 0.404647826000001
1071 93349 0.4577253095
1072 79882 -0.487324014
1073 7403 -0.490695773500001
1074 123811 -0.573528214
1075 5889 -0.4237983
1076 85004 -1.5202758085
1077 2058 -0.52775684925
1078 10827 -0.667701549
1079 9267 0.36302579675
1080 5426 0.4029450705
1081 9698 -0.474984263250001
1082 966 -0.695143963750001
1083 8658 -0.29596020875
1084 190 -0.31340884425
1085 64374 0.441090579000001
1086 9855 0.451928104750001
1087 58488 -0.621596802999999
1088 100507062 0.377803592999999
1089 81631 -0.709302222499998
1090 9208 0.33848392075
1091 150763 0.954055457499999
1092 100288123 0.3173121765
1093 54471 -0.4338434915
1094 340152 0.333516045
1095 823 0.52018036125
1096 64940 -0.448481977249999
1097 10572 0.344977497999999
1098 55142 0.545898705499999
1099 79987 0.378205925250001
1100 79628 0.459808479500001
1101 8930 0.34586591225
1102 64418 -0.50909767575
1103 8560 -0.6961592595
1104 51657 -0.38387299225
1105 10929 -0.582726264500001
1106 56241 0.44015267725
1107 9765 0.465711708750001
1108 10542 -0.5868446145
1109 10472 -0.9013431825
1110 26253 -0.67261833325
1111 254102 0.43622214875
1112 153090 0.33642247475
1113 5303 -0.38909577125
1114 1739 0.668483723
1115 339290 -0.407283066
1116 5500 -0.327447806250001
1117 100505876 -0.510433417
1118 5522 -0.58227075675
1119 9848 -0.437255841250001
1120 64376 -0.551708376499999
1121 57599 -0.3823692235
1122 3998 -0.471715856499999
1123 55755 0.340807116250001
1124 222236 -0.34475535825
1125 29081 -0.42722423725
1126 6392 -0.746689596749999
1127 3298 -0.41868521025
1128 10236 -0.435496139250001
1129 55975 -0.539922852000001
1130 79086 -0.475698681500001
1131 9322 0.394568845000001
1132 5775 -0.336947757
1133 55217 -0.4320066405
1134 100216546 0.344974493
1135 2023 -1.52157411225
1136 9653 -0.41803558925
1137 51455 0.338519481750001
1138 29097 -0.548290607250001
1139 90843 -0.428967525999998
1140 1501 -0.322396219250003
1141 8840 0.364128175749999
1142 1036 -0.318232435750001
1143 55239 -0.60893021925
1144 79745 -0.678183116750002
1145 3803 0.29185263875
1146 29992 0.45406549175
1147 1676 -0.39478771225
1148 79568 -0.565483808000002
1149 57060 0.425353841750001
1150 3135 0.589697011249999
1151 6614 0.34780198
1152 573 -0.2611665885
1153 55038 0.45449210075
1154 23215 0.290533912750004
1155 1760 0.33271608425
1156 2730 -0.568094847999999
1157 7572 -0.493572595499999
1158 27346 -0.736443223
1159 6683 -0.67118751275
1160 10010 -0.347705034
1161 27430 -0.576290659250002
1162 6433 0.343181099500001
1163 134728 -0.44677336975
1164 2294 0.839909014750001
1165 3480 -0.277220194749999
1166 7503 -1.91660637625
1167 55149 -0.670720567250001
1168 7075 0.814823467000002
1169 284071 0.697556829
1170 101928200 0.34947615325
1171 388558 -0.396491526
1172 54505 -0.447555378750001
1173 4650 0.395648613
1174 23184 -0.3134387185
1175 2264 0.34395784325
1176 100505894 -0.745176569000001
1177 9570 -0.3666677145
1178 220 -0.449014605249999
1179 1278 0.42462331325
1180 5701 -0.38568149175
1181 54205 -0.557425544999999
1182 23705 -0.450908525250002
1183 284802 0.463920803750002
1184 23285 -1.0472029905
1185 79019 0.33838520075
1186 247 0.27441626125
1187 25925 -0.365419624999999
1188 114041 -0.262079881
1189 23011 -0.390805897250002
1190 26521 -0.59066501325
1191 165186 0.60420150775
1192 10949 -0.436997499750001
1193 91368 0.338551335
1194 6777 -0.2628014125
1195 2803 0.529413815500001
1196 63931 -0.340422849749999
1197 6929 0.32391993125
1198 10603 0.356442627500001
1199 7035 0.89946686025
1200 55720 -0.525043555750001
1201 92181 -0.283255819999999
1202 3916 0.313816920000001
1203 51287 -0.345968506500001
1204 221264 0.28995511775
1205 7412 0.8459036405
1206 90390 -0.551671170250001
1207 5025 0.317775624
1208 333926 0.49656726575
1209 643155 -0.616586747250002
1210 4841 -0.48726930825
1211 728927 -0.66659938075
1212 57223 -0.3399055745
1213 57721 -0.418384602
1214 54545 -0.3188523485
1215 83479 0.52400122275
1216 7307 0.415424162000001
1217 10957 -0.30140355
1218 84278 -0.303170968000001
1219 6352 0.341708203250001
1220 100131454 -0.34216799725
1221 51552 -0.703045696999999
1222 7013 -0.33730583275
1223 2145 -0.31645966525
1224 79912 -0.38717444075
1225 1445 0.298417933750001
1226 100131096 0.274680365499999
1227 339488 0.431981553
1228 114822 0.3063558375
1229 1822 0.25761280025
1230 54549 0.361475428499999
1231 439951 0.320280841
1232 2259 -0.25319030175
1233 3931 0.667090919250001
1234 3475 -0.62433562825
1235 89866 0.2774370145
1236 80150 -0.591658649249998
1237 3184 0.514652834499999
1238 221692 0.3346880785
1239 4915 -0.698776933
1240 26263 -0.384029915749999
1241 64901 0.24883893675
1242 6421 0.545701503499998
1243 26060 -0.471541982
1244 8795 0.666203123750001
1245 2535 0.35205821275
1246 25836 -0.3487794455
1247 10165 0.707915095999999
1248 219287 0.322598782500002
1249 972 0.75480183775
1250 100131541 0.400812076999999
1251 3820 0.27870265475
1252 883 -0.2974683135
1253 30000 -0.535073796500001
1254 2120 0.434667210000002
1255 11319 -0.267872119249999
1256 10291 -0.33741457225
1257 7320 -0.543046238000001
1258 134553 -0.311141018499999
1259 24138 -0.338929440500001
1260 203286 0.308579727250001
1261 389432 0.354656690499999
1262 7385 -0.8454585115
1263 7004 0.37359186425
1264 9777 -0.309892250000001
1265 79658 0.305669295750001
1266 54210 0.316683075249999
1267 100885775 -0.328407826
1268 55279 -0.473650299750002
1269 5379 -0.30082628375
1270 9689 -0.564050366750001
1271 2000 0.413912879750001
1272 10923 -0.68879751875
1273 79896 -0.49751861325
1274 7559 -0.4865026935
1275 10263 -0.33898437625
1276 26128 -0.903336682499999
1277 57612 0.360814114249999
1278 5894 0.36864248575
1279 23139 0.291452863999999
1280 123920 0.603082182750001
1281 1120 0.3541682105
1282 57162 0.73042908775
1283 10659 0.773075726749999
1284 56928 0.591667659999999
1285 1806 0.669793247
1286 11183 0.4788816245
1287 93 0.40338859375
1288 10558 -0.441559502
1289 100289230 0.2474199135
1290 10090 -0.660784521000001
1291 8225 0.42152242375
1292 5862 -0.799971264249999
1293 604 -0.58989169775
1294 51290 -0.253345668750001
1295 64240 0.33748002325
1296 102 -0.617680451499999
1297 116983 0.424215886749998
1298 83539 -0.24395090475
1299 57453 0.40690395825
1300 91316 0.439701219500001
1301 222545 0.47266845
1302 65251 -0.2790763035
1303 26085 0.3974136995
1304 94274 0.737419290000002
1305 7094 0.47592184225
1306 55857 0.2457685775
1307 23272 -0.29858202425
1308 89853 0.456796228749997
1309 9204 -0.443501672999998
1310 51021 -0.570012820500001
1311 84105 -0.455500441
1312 1153 0.524038986749999
1313 9563 0.256841492
1314 64651 0.75487756925
1315 83892 0.34080987125
1316 10350 0.35274523675
1317 91543 0.909505253250001
1318 5164 -0.418886364249999
1319 199692 -0.680106545499999
1320 131118 -0.612144008500001
1321 200772 -0.387334578999999
1322 3572 -0.47707060275
1323 11276 -0.338717704250001
1324 57571 0.7117041805
1325 10195 -0.301865987250001
1326 55227 0.53098179
1327 54897 -0.238697955
1328 222068 -0.47886668125
1329 847 -0.59370372075
1330 7355 0.302070127249999
1331 122961 -0.708526151749998
1332 56271 -0.750824920750002
1333 1080 0.2756356595
1334 9716 -0.32689483275
1335 80762 -0.931232543249999
1336 26086 0.354179449749999
1337 81853 -0.659087233249998
1338 1385 -0.609043489749999
1339 23001 -0.535920593000001
1340 5264 -0.79035087075
1341 121391 0.284430533000001
1342 27109 -0.625716243499999
1343 9253 0.436961080749999
1344 55719 0.545905935
1345 9175 -0.442977803500001
1346 440200 0.3555658935
1347 6240 -0.3744320145
1348 224 -0.510543485249999
1349 84864 -0.427545109
1350 677844 0.294761491250002
1351 23114 0.64313750225
1352 5034 -0.8306809465
1353 84140 -0.471813189500001
1354 139322 -0.442383724999999
1355 114881 0.293731405499999
1356 6782 -1.00703259175
1357 9581 -1.2472728065
1358 4046 0.408573455999999
1359 50640 -0.504394227000002
1360 9867 -0.668064190500001
1361 23432 0.296342036
1362 26018 0.319866862749999
1363 857 0.68863090575
1364 7528 -0.277854759749999
1365 10564 -0.375466394500001
1366 22839 0.533435428250002
1367 8226 -0.57945485825
1368 7067 0.41726222575
1369 161198 0.368691080249999
1370 51023 -0.36025178225
1371 4154 -1.113610013
1372 1291 0.28687051275
1373 9901 0.434052854750001
1374 51203 0.313904594999999
1375 387856 -0.783402991249999
1376 522 -0.430206831
1377 9968 0.373801442
1378 285343 -0.43462302575
1379 54621 -0.3221183395
1380 90634 -0.36732852225
1381 10658 0.294556826000001
1382 10882 -0.34151572075
1383 100506929 0.29688868725
1384 284439 -0.2879712575
1385 26515 -0.545102363750001
1386 55216 -0.421041521749999
1387 339745 -0.49089129475
1388 8794 0.344663069999999
1389 23334 0.362750874500001
1390 51449 -0.777606434000001
1391 161247 0.39054387225
1392 81698 0.495599775250001
1393 55181 -0.46395741075
1394 7594 -0.503242203999999
1395 285556 -0.296586311
1396 2935 -0.6038398665
1397 22979 -0.437148993000001
1398 131965 -0.542751396
1399 567 0.456311313250001
1400 274 0.39718983475
1401 6046 0.398873352999999
1402 23491 0.31834139275
1403 8899 -0.82109160625
1404 6319 -0.9867180725
1405 23030 0.3419947065
1406 493 -0.2397580675
1407 165 0.98346820475
1408 4302 0.270861765749999
1409 81563 -0.70776506675
1410 64760 0.27615166425
1411 10048 -0.884313155499999
1412 93653 0.312882856999999
1413 348094 0.566906661500001
1414 4717 -0.270022113
1415 84520 -0.773667154500001
1416 284273 -0.840425666
1417 285375 0.313689516
1418 55742 -0.46527084975
1419 10483 -0.60311884
1420 84132 0.4463390775
1421 29960 -0.331875531500001
1422 94239 -0.405154734999999
1423 4194 0.346282390750002
1424 11156 0.566334417499999
1425 51098 -0.304702512
1426 2521 -0.94305170775
1427 57482 -0.765123812750001
1428 84312 -0.572855523
1429 93343 0.46102874575
1430 3949 0.851455377000001
1431 51057 0.23713444
1432 10598 -0.737872509500001
1433 113263 -0.552647082
1434 146852 0.39707717325
1435 79102 -0.313683435750001
1436 440699 0.388197049499999
1437 6747 -0.719750985749999
1438 5228 0.5218662235
1439 23741 -0.549856913500001
1440 51633 -0.35396112375
1441 4784 0.474707868750001
1442 84172 -0.471631751499999
1443 55269 -0.559105718
1444 51528 -0.3413910675
1445 25759 0.4118830845
1446 401282 0.581559783250001
1447 54542 -0.637195728749999
1448 6487 -0.27080079125
1449 4051 0.47933055225
1450 4299 0.2950671475
1451 8085 0.34885732275
1452 56990 -0.9689291515
1453 2015 0.30469765825
1454 54328 0.288783312749999
1455 282566 -0.6260899305
1456 5955 -0.429883191500001
1457 29952 0.353773305749999
1458 729515 -0.695930817750002
1459 644890 -0.421946273
1460 9221 -0.78822439
1461 58155 -0.721322318249999
1462 89941 0.25887880025
1463 84516 -0.536757784999999
1464 5899 -0.665217877
1465 80306 -0.37499648025
1466 54830 -0.309116307
1467 79269 -0.344704829
1468 6558 0.548639294749999
1469 9045 -0.29548425225
1470 51406 -0.340562452
1471 84450 -0.36067072975
1472 5213 -0.785541259999999
1473 27443 -0.316733816000001
1474 4594 -0.349329672250001
1475 6634 -0.378920529749998
1476 6002 0.306801467750001
1477 57184 -0.312676998500001
1478 55773 -0.279562309249999
1479 1105 0.380891487
1480 50488 0.3176684315
1481 54676 0.391512493
1482 2551 -0.30039155675
1483 22898 0.4381897395
1484 64577 0.83725034975
1485 8828 0.285839824
1486 200942 0.41212876475
1487 50485 0.427793101750001
1488 5281 -0.6594243325
1489 2555 -1.532569071
1490 8825 -0.26793351675
1491 7417 -0.505323973499999
1492 55731 -0.265693514249999
1493 147923 -0.699940888500001
1494 100507117 0.269128868249999
1495 11252 -0.400546349249999
1496 51397 -0.77594239325
1497 1601 0.38400451475
1498 347 -0.318347667500001
1499 5283 -0.451118672000002
1500 8487 -0.418152622249999
1501 79874 0.750848212499999
1502 6867 0.424777428000001
1503 126068 -0.27536807125
1504 55040 0.3863191415
1505 7341 -0.468572784500003
1506 23358 0.32063637075
1507 84911 -0.30503567325
1508 152579 -0.390300653000001
1509 54922 0.722079261999999
1510 53635 0.3665116515
1511 117178 -0.67712146275
1512 80195 -0.572297526
1513 222256 0.2988022585
1514 57674 0.45396736
1515 3976 0.533447945999999
1516 23303 0.570827542
1517 26502 0.441263138249999
1518 55166 -0.59777347825
1519 51091 -0.2544138295
1520 2762 -0.4433291895
1521 55073 0.3533185215
1522 3709 -0.582305557
1523 25957 0.328633155249999
1524 55788 -0.417399927750001
1525 83637 0.279769215750001
1526 6539 0.709195547249999
1527 4548 0.34669824475
1528 7042 -0.506030092250001
1529 51574 0.23674029525
1530 84498 -0.404769324
1531 338651 -0.5375894195
1532 55255 0.24627576475
1533 400713 -1.288814697
1534 79572 0.392280879999999
1535 65008 -0.499973900500001
1536 8886 -0.60132989325
1537 673 -0.525598274
1538 56913 0.45714445525
1539 7188 0.384908853499999
1540 26027 0.33674122625
1541 51466 0.365309893
1542 10114 -0.810387272
1543 54516 0.31011324
1544 5962 -0.68339713125
1545 10438 -0.55965854175
1546 23383 0.2572923595
1547 401260 0.27399049225
1548 4864 0.49081912675
1549 23351 0.3346091665
1550 3669 0.524471934249999
1551 9487 -0.49540779675
1552 23132 0.31155529625
1553 139231 -0.369404041999999
1554 221391 0.293943253999999
1555 11118 0.857357604
1556 79016 -0.67659113975
1557 650794 0.488069667
1558 9341 -0.766830304749999
1559 23598 -0.36719629375
1560 3492 0.362314322
1561 57551 0.46014915075
1562 51520 -0.5111736495
1563 5611 -0.495218683000001
1564 83440 -0.399526295499999
1565 340024 0.278922063
1566 55335 -0.833616467249999
1567 208 0.541314198749999
1568 5036 -0.42260147825
1569 5095 -0.38233037075
1570 10055 -0.8002942115
1571 6670 0.572064380500001
1572 22904 0.439900983500001
1573 2530 -0.40027594325
1574 64776 -0.5662580815
1575 60526 -0.531675978499999
1576 58504 0.58896099825
1577 50807 -0.36197773025
1578 79665 -0.43521793325
1579 84623 0.571264598000002
1580 23394 -0.388914309749999
1581 197322 0.303566769999999
1582 79992 0.3734722235
1583 51569 -0.76255656875
1584 84456 -0.42572267075
1585 8365 -0.31482429225
1586 55075 0.822342361
1587 10970 -0.302165648749999
1588 2615 0.6884914585
1589 9466 0.3642900005
1590 28992 0.313146664
1591 4297 0.447521978249998
1592 25888 -0.26803108725
1593 283871 0.327071753749999
1594 8895 -0.677971576500001
1595 163859 -0.54061256175
1596 28955 -0.457500843750001
1597 64853 -0.59985074425
1598 57642 0.38089257725
1599 6117 -0.356713382500001
1600 387763 1.350484926
1601 3552 -0.296001398
1602 659 -0.670751448499999
1603 23567 0.517840142499999
1604 800 0.56378400525
1605 55308 -0.635516709999999
1606 11135 0.426455257000001
1607 23023 -0.68702296625
1608 2013 0.7447118065
1609 338 0.317163838
1610 9858 0.40427765425
1611 11346 0.59137542175
1612 9727 0.73665297175
1613 8321 0.314674418
1614 79567 0.273610691750001
1615 5159 0.5519813
1616 57139 0.3317924075
1617 2356 0.43298721675
1618 4635 0.288492885000001
1619 9725 0.60136024525
1620 2778 0.334964508
1621 7321 -0.370722564499999
1622 114548 0.51497376675
1623 8697 -0.66425801325
1624 25948 -0.7945502695
1625 8754 -0.743606064250001
1626 83544 -0.64673600725
1627 28970 -0.50040653225
1628 51162 0.3634143605
1629 4636 0.653985602500001
1630 80765 0.298953248499999
1631 10841 0.27859069875
1632 3149 -0.701384699250001
1633 161635 -0.25331345
1634 399909 0.26383314175
1635 11147 -0.42719163175
1636 8654 0.425727190000001
1637 54882 0.43020030825
1638 65991 -0.288169787750002
1639 148362 -0.38070446375
1640 84987 -0.555176736249999
1641 84901 0.400531604499999
1642 3987 0.27442420825
1643 4939 0.86097746175
1644 203547 -0.231203099
1645 27342 0.38322297025
1646 91010 0.55575984225
1647 93380 -0.408896508000002
1648 2597 -0.680731892500001
1649 339559 0.295417405249999
1650 90459 -0.4409786245
1651 10884 -0.62584509825
1652 64224 -0.468409224
1653 92162 0.498007262
1654 7360 -0.765832909250001
1655 832 -0.43797151175
1656 85365 -0.66116977675
1657 25854 0.5437283705
1658 100134822 0.5128868105
1659 55347 -0.844129340499999
1660 339807 0.322770267999999
1661 2028 0.845494465749999
1662 89978 -0.2371010805
1663 142 -0.370119850750001
1664 10193 0.508481376
1665 84142 -0.34606093175
1666 283601 0.33449652475
1667 2729 -0.370100801999998
1668 5991 -0.270098125500001
1669 9584 0.4577572435
1670 116519 0.27538188675
1671 84909 0.295720229250001
1672 355 -0.719951851250001
1673 2122 0.8403118115
1674 493856 -0.54293950975
1675 3700 0.346462021750001
1676 8061 0.7411095655
1677 51534 -0.84297536275
1678 83463 0.459880674500001
1679 286144 -0.490726206000001
1680 23063 -0.300244224999999
1681 55696 -0.331550377249999
1682 3170 0.2840036035
1683 5033 -0.57836825875
1684 84236 -0.446992624
1685 1781 -0.74518840175
1686 146059 0.392049296000001
1687 284086 0.321174901500001
1688 27043 0.379821088750001
1689 284119 0.45126018975
1690 5469 -0.458072064750001
1691 79364 -0.29794575225
1692 2952 -2.50070642325
1693 22926 -0.56671259125
1694 23005 0.362183662
1695 64844 -0.4963779715
1696 4166 0.529425919
1697 1738 -0.810451226750001
1698 6581 0.5744654045
1699 84501 0.366648383499999
1700 4796 0.316780790499999
1701 26986 0.253204017500002
1702 9578 0.37572556975
1703 64218 0.30965849075
1704 933 0.383474724999999
1705 9411 0.35458266375
1706 84925 -0.56455311175
1707 863 0.4292735965
1708 123169 -0.428625136000001
1709 22936 -0.2693024555
1710 170689 0.3737209145
1711 57092 -0.657545190250001
1712 285989 0.465370129249999
1713 253959 0.334021740749999
1714 57572 0.50553622
1715 54965 -0.78419712875
1716 57146 0.350153152000001
1717 10434 -0.50839093125
1718 94101 -0.808352801
1719 415 0.320004475
1720 1040 -0.5512845945
1721 64855 0.480715791750001
1722 25821 -0.4485726855
1723 5137 0.504287668999999
1724 92935 -0.335356132499999
1725 56895 0.587604750000001
1726 220108 0.655014930250001
1727 81 0.317818787
1728 411 -0.25134000725
1729 79101 0.29652594575
1730 101927699 0.304289948
1731 84866 -0.32761389875
1732 1968 -1.349423127
1733 57187 0.2921980945
1734 84888 -0.855243194749999
1735 26985 -0.565095705750002
1736 79003 -0.47981094675
1737 5747 -0.529445809999999
1738 84532 0.476762232
1739 79703 0.32771042775
1740 55325 -0.388442990250001
1741 10266 0.729474919499999
1742 55745 -0.61436348475
1743 160897 -0.6335393565
1744 79925 0.27843055075
1745 29068 0.29993878
1746 10736 0.300528215
1747 2862 0.307059950499999
1748 9518 0.437353665500001
1749 375616 0.34095259075
1750 55017 -0.4158911785
1751 137682 -0.488584517249999
1752 27141 0.442992525249999
1753 57459 0.43277213025
1754 81555 -0.63227086375
1755 153339 -0.768425874500001
1756 5193 -0.7912967335
1757 113612 -0.3961158505
1758 10672 -0.515980562750001
1759 79139 -0.4448438535
1760 4854 0.861358226
1761 81550 0.326789365250001
1762 137492 -0.49262909825
1763 3959 0.511298839250001
1764 2590 0.29869572525
1765 56902 -0.652624323
1766 9093 -0.386951944249999
1767 92906 -0.3148447705
1768 55288 -0.349074876250001
1769 51244 -0.32707920575
1770 84525 -1.0335898605
1771 149461 -0.355962659249999
1772 400986 0.262070891
1773 9586 0.419129974
1774 83876 -1.01706172075
1775 51124 -0.510230902749999
1776 10284 -0.342974865
1777 84896 -0.565909128
1778 27185 0.30106830175
1779 79177 -0.22113018075
1780 515 -0.6061559335
1781 51010 -0.33538195925
1782 101927067 0.3928471715
1783 30813 -0.3220834845
1784 3107 0.60533571475
1785 129049 0.34007921175
1786 23263 0.237014215249999
1787 161931 0.343435481499999
1788 79188 0.29049918825
1789 83640 -0.49543088375
1790 283981 0.392278758749999
1791 28951 -0.513076716
1792 400798 0.281283333
1793 955 0.30857737325
1794 100272228 0.28632232575
1795 55209 -0.353350389250001
1796 6480 -0.467967146499999
1797 26048 0.356576048000001
1798 60509 -0.340663572500001
1799 2916 0.27283269125
1800 9528 -0.404656424750002
1801 91603 -0.322892034500001
1802 5229 -0.773670778
1803 114815 0.269182219749999
1804 9520 -0.446310715500001
1805 23221 0.49618083975
1806 4901 -0.36470812475
1807 84251 -0.844932725
1808 64787 0.338725325499999
1809 83538 0.3058894895
1810 84272 -0.34288363625
1811 57608 0.645827139
1812 10197 -0.5123582675
1813 27077 -0.5160986575
1814 10083 0.695029020750001
1815 26235 -0.414663455
1816 92249 -0.506643400250001
1817 23544 -0.71110221275
1818 7424 0.56145705925
1819 4665 -0.308101469750001
1820 2119 -0.33129350525
1821 5529 -0.666471453750001
1822 80321 -0.366095202499999
1823 55160 0.333068983250001
1824 2317 0.494509789749999
1825 286451 -0.374873455749999
1826 5756 -0.32049582225
1827 6560 0.4234695065
1828 23217 0.46255010625
1829 10468 0.405262399
1830 7975 0.630513718749999
1831 121665 0.376503001000001
1832 259236 0.677508315
1833 116150 -0.66881504575
1834 116931 -0.2660644265
1835 9342 -0.341276441000001
1836 9683 0.25531146825
1837 1719 0.368441459
1838 79027 -0.5777181905
1839 7534 -0.927748153749999
1840 287 -0.942842501499999
1841 146862 0.27889793675
1842 54957 -0.4803769295
1843 129607 0.366059530999999
1844 84530 0.6121305675
1845 5740 0.320012364000001
1846 51275 -0.524136334
1847 196743 0.34784530575
1848 8877 0.385304944
1849 202151 -1.193256994
1850 25879 -0.427973223
1851 9543 0.22436685075
1852 6195 0.546423764
1853 118670 -0.22478901425
1854 3638 0.433300678999998
1855 285178 0.42886019525
1856 7171 0.3143375235
1857 8629 0.3441855625
1858 55654 0.25526523425
1859 1857 0.29790037875
1860 5434 -0.55675290725
1861 5509 -0.44470633825
1862 8621 0.559890312
1863 6672 0.69017634125
1864 27301 0.274476816
1865 132 -0.481626003750001
1866 10898 0.24745584575