1 490 0.393967082156252
2 144193 -1.24738101181944
3 4199 0.427995211590275
4 10089 0.700388277756944
5 5189 0.455798233541667
6 10753 0.790254881135417
7 7295 -0.589136629541666
8 388969 -0.286403449083333
9 50807 -0.538800607993056
10 6654 0.412530928843749
11 160897 0.710723909395833
12 90701 0.400403637010418
13 84281 -0.680238256065973
14 56204 1.03441544705208
15 101928068 -1.2266589628125
16 55592 -0.500054023538194
17 3149 0.731873456000001
18 84937 -0.785680340480903
19 84282 -0.457335570574651
20 26528 0.399164521038195
21 253039 0.418832200434027
22 221154 0.264644566354166
23 445 0.709048577503473
24 101410538 0.528566514472221
25 56675 0.514811400833334
26 54108 -0.31866320970139
27 9953 0.599135821121528
28 4000 0.476065705190972
29 338799 -0.682435178111112
30 5201 -0.496097587885417
31 6619 0.370333315569445
32 9121 -0.589405473725695
33 8115 -0.603568680715277
34 29117 -0.634903627142361
35 389362 0.450906751892362
36 2444 0.927906385770834
37 117177 0.623107688406251
38 23291 -0.53279302103125
39 389741 -0.448648946149307
40 8100 0.360250544197916
41 122945 -0.491969842072916
42 6310 0.316554629180557
43 114781 0.361690175218751
44 56252 0.635092732809028
45 57506 0.328671733520833
46 8859 0.496042355055556
47 9818 0.327244975496527
48 221150 0.703804527791666
49 2729 0.329219647590278
50 983 -0.310207547572916
51 948 0.601635161003474
52 8444 -0.544895785690972
53 55748 -0.835231862225695
54 65082 0.36124748982639
55 89782 0.290557490458333
56 79142 0.364037124659723
57 79843 -0.733178446840276
58 23499 0.247841917770835
59 27297 0.301463547670138
60 55653 -0.633830673336806
61 51619 -0.246344006638889
62 121665 0.397025255052083
63 51 0.374787820750001
64 10293 -0.622862510513889
65 90668 -0.715572859718749
66 116448 0.862088792131945
67 10776 0.199408779340278
68 10795 0.408625726934027
69 22852 0.820021251902778
70 79884 -0.371929499170139
71 55890 -0.578668202906249
72 26512 0.330537800986111
73 54733 0.5606887713125
74 1353 0.33916638131597
75 23196 0.363089598694445
76 9266 -0.542011453177083
77 1642 0.290093676885416
78 91750 0.473106119385416
79 23522 -0.301005323753473
80 285386 -0.870476242684028
81 5728 0.32803259457986
82 10066 -0.243219104072916
83 79139 0.245783587177083
84 1956 -0.502024489958331
85 57597 0.645221259034723
86 26173 -0.437011707322916
87 5828 -0.409695847159722
88 200576 0.464805763777778
89 9677 0.413872271791665
90 57678 0.475726392541667
91 10396 0.293539957618055
92 11280 -0.407101762180555
93 29978 0.223107793243056
94 7850 -0.512631655670138
95 51497 -0.18707545762847
96 9334 0.413597391708334
97 6599 0.345077267930555
98 9767 0.549234300875001
99 23484 0.270419119086806
100 26135 0.385307078565972
101 4635 -0.574378750395832
102 9686 -0.385997151368056
103 63892 0.352966298649306
104 2730 0.489808857427084
105 402055 -0.373839047243056
106 23041 0.25441837967361
107 150275 -0.460528781833334
108 64718 0.524724817885419
109 101928230 -0.579210685399306
110 6923 -0.825714331593749
111 6210 -0.351070738440972
112 10255 0.582659111381944
113 11228 0.312248447850693
114 9481 0.405605445336806
115 664 0.454974048708334
116 51182 -0.24164217046528
117 23109 1.5431872374618
118 200539 -0.456208154562499
119 1953 0.768174526680555
120 100288198 -0.37097294790625
121 55174 0.794829672548611
122 145773 -0.470312466293403
123 29065 0.396707584423611
124 56169 0.655100898572917
125 9732 0.387740557423612
126 126393 0.584081759059029
127 2766 -0.287199408055555
128 54103 -0.354659219583334
129 100506649 -0.551087604597223
130 57669 0.300706318675349
131 8772 0.324795492756944
132 64766 0.286526492913194
133 5337 -0.488063934833334
134 51454 0.459502680472222
135 9423 0.469807381569444
136 257407 0.467311785583333
137 147179 0.157507035506946
138 8618 0.189970199586805
139 7621 0.23043270908507
140 286006 -0.366868002642361
141 1730 -0.210858909607638
142 9448 0.425506540451389
143 4126 0.534661524815974
144 10644 -0.697176863767362
145 9721 -0.448057173881945
146 100507537 0.405280659791668
147 3714 -0.263749387513889
148 7525 0.327121833947916
149 324 -0.342494618600694
150 3964 0.393448937420139
151 7566 0.24457992859375
152 10553 0.380068775663196
153 3925 0.577184268177083
154 116843 -0.414700870753473
155 126014 -0.450884965249999
156 89797 -0.878127836513888
157 9019 0.321906190989584
158 10984 0.509153839743055
159 285971 -0.30150349437153
160 9604 0.263412858024306
161 132949 -0.251324431767361
162 594 0.726513920628471
163 284837 -0.454312478579861
164 55770 -0.334335979520833
165 151242 0.557933163291668
166 5325 -0.505924272868055
167 889 0.248276973753472
168 152137 0.25654675067882
169 23440 0.288252953163194
170 440515 0.526675113406249
171 54187 0.252634106392361
172 286 -0.614248929795137
173 79086 -0.630168424711806
174 57604 0.247373677097222
175 55027 0.548810914204862
176 8744 0.509688453642361
177 7572 -0.423240188996528
178 1031 0.593013015031249
179 84883 0.614889112677083
180 3646 -0.104564451423611
181 10270 0.262198982954862
182 64651 -0.353542319614583
183 3257 -0.501595710760417
184 23648 0.233369646826389
185 201266 0.533664474125001
186 55719 -0.383972062847223
187 8837 0.54222055276736
188 25979 -0.23179636398611
189 419 -0.235768844756942
190 4634 0.397670639930556
191 256815 0.725041795197916
192 3069 -0.425446994739583
193 55819 -0.294756415833333
194 8832 0.345074731579861
195 84536 0.493177933041667
196 60436 -0.50541260923264
197 64097 -0.4954605665625
198 2107 0.272145370642361
199 1397 0.55813957421875
200 150962 0.371615197961807
201 4094 -0.419893102513891
202 2731 0.874833084746528
203 8805 0.208969940708333
204 55824 0.314480113493056
205 128872 0.663713860982639
206 7855 0.661609287954862
207 7716 0.226142800588542
208 53344 -0.426773821427082
209 2322 -0.529906555281249
210 23413 0.804126030892361
211 55284 0.276833083881945
212 1509 0.31322653925
213 29946 -0.469409669440972
214 85463 0.227760202347222
215 9687 0.449995746187501
216 285961 -0.433628910118056
217 83719 -0.667826533274305
218 84073 -0.651862089878472
219 91749 0.334790582482639
220 55728 0.777389137302084
221 667 0.205345541006947
222 10276 0.25450312592014
223 100421589 -0.849448288500001
224 64762 0.287060184635416
225 5911 0.354824493336807
226 25821 0.238804686361112
227 55207 0.198548144781251
228 22990 0.255051874479166
229 84878 -0.329086043743055
230 1646 1.12607712234028
231 9319 -0.378103826732639
232 8728 0.222409918194444
233 55785 0.320318010083334
234 149041 -0.402774355489583
235 127544 0.457013051654513
236 3032 0.200377878437502
237 56005 -0.202701100065973
238 8745 -0.287222188373264
239 81839 0.513592454274306
240 10069 -0.224898841593751
241 105376944 -0.397129767524306
242 201798 0.144549906368055
243 1152 0.647658566677084
244 9557 0.433172564631944
245 54549 -0.337191428697917
246 127253 -0.277269621704862
247 55681 0.314139713854167
248 51768 0.218532126819446
249 84945 0.329736421520834
250 51491 -0.612789503399306
251 1843 -0.37286596828125
252 399967 0.134889648336805
253 23585 -0.238570665315971
254 101927798 -0.163871228805555
255 2947 -0.504087769246528
256 200942 0.35328988063889
257 80325 -0.575570415364583
258 169981 -0.36572114059375
259 339929 0.421220928541667
260 23759 -0.55035199403125
261 51530 -0.177827808593751
262 923 0.414790050197916
263 79183 0.331048066545138
264 4878 -0.423580699534723
265 84317 -0.284349910086805
266 143 0.190505645333334
267 23507 0.444060493708332
268 252995 0.398275438177086
269 260425 -0.504467092576388
270 33 -0.357555783447917
271 9534 0.433878114708333
272 7156 0.366498187184029
273 253559 0.388162649336804
274 9308 -0.401477850208334
275 4149 -0.324630501506944
276 51559 0.331212917940973
277 9053 -0.657910130131944
278 63027 0.288392179531249
279 3633 0.556203222208332
280 130749 -0.445042853628471
281 51076 -0.130588700277778
282 3159 0.295870851439236
283 54893 0.177399678336805
284 3480 0.327719183440974
285 101928649 -0.371053785104166
286 4200 0.315856407079862
287 79180 -0.587415410437498
288 1238 0.494976218454862
289 4650 -0.328472307968751
290 3775 -0.318448454319444
291 3433 -0.6050874541875
292 284029 -0.441400691847223
293 6342 0.160532626878474
294 4023 0.556766013048609
295 5452 -0.625827258753473
296 1837 -0.344816721503474
297 9796 -0.365700868824653
298 54929 -0.381517698381945
299 3320 0.117687380520831
300 25981 -0.529125959625
301 6540 -0.437981802600695
302 23416 0.493415377333334
303 8106 0.312303059579861
304 57127 -0.581724297774305
305 10413 -0.379709016958333
306 572 -0.604611463003473
307 10626 0.413026622621528
308 26523 0.432746486562499
309 8629 -0.29268386795139
310 730101 -0.432585749427083
311 4513 0.0852798786111109
312 80820 0.580184169927083
313 8711 -0.362668925812499
314 23357 -0.249307172184028
315 200609 -0.420271885902777
316 51271 -0.187890006447917
317 10536 -0.312610079128472
318 65125 0.25434887573264
319 1134 1.02195164394444
320 65267 -0.464685634635417
321 55114 0.242760149979167
322 1579 -0.296868770583333
323 5066 0.494223750291665
324 5326 -0.261992490920139
325 8665 -0.256530722187501
326 23252 -0.211117588840279
327 7072 0.219440076111111
328 10280 0.547931864086805
329 4690 -0.311199868760418
330 102723493 -0.264699551937499
331 54626 -0.574768518621527
332 124989 -0.221713551315972
333 11251 0.38515968621875
334 79092 -0.382024882697916
335 123355 -0.268530594
336 51232 0.431932816888889
337 8467 0.138840128937499
338 1628 0.456863986142361
339 7773 0.2859577685625
340 146822 0.532318083996527
341 28984 -0.179967189107638
342 140612 -0.339224578673611
343 1645 1.07339500055556
344 84172 -0.329201358878472
345 23228 0.340066203732639
346 64779 -0.215321618638887
347 113115 -0.586163734465277
348 345778 0.283052873260417
349 94234 -0.316756911704861
350 6400 0.441770687743055
351 200205 -0.760308091881944
352 4356 0.632021559666667
353 91304 0.623155611319445
354 1629 0.20240857201389
355 11098 -0.766177212284723
356 5822 -0.685840000729166
357 4087 0.412306258253472
358 105378702 -0.271234128326388
359 56157 0.494981940447918
360 81669 -0.675055072593749
361 2108 0.204203423055556
362 54625 0.437846781472221
363 51479 -0.662483043211805
364 158 -0.210616979270833
365 11099 -0.227943490069444
366 9169 0.560388148711806
367 51115 0.623559229968749
368 56888 -0.431654921826389
369 59 -0.206738318934027
370 23102 0.708367031534722
371 284716 0.272364907100694
372 145845 -0.4014035878125
373 55818 0.254001799534722
374 79726 0.232570045649305
375 22846 -0.491503441614583
376 6195 -0.646157041246528
377 7881 -0.260239020156249
378 7155 0.140877041614583
379 51203 -0.287687771809027
380 26525 -0.399485779315973
381 344887 -0.233175916121527
382 124093 0.190407033722222
383 53340 0.406964882503471
384 51092 -0.187545138944444
385 100874180 0.188683139899305
386 1438 0.414333995100694
387 27342 -0.265622263315971
388 83998 0.304646145243055
389 224 0.259145203638889
390 27295 -0.360444731208334
391 6209 -0.0862810508680543
392 51531 0.275215265850694
393 25959 -0.239746247694443
394 5575 -0.487848549329861
395 5016 -0.396322826545139
396 4026 0.292401332010417
397 5609 -0.386606962420138
398 3557 0.486099377420138
399 689 -0.0985232955902759
400 150244 -0.27249602240625
401 152503 0.428592481531252
402 7135 0.429161253715277
403 645431 -0.639396082204861
404 54020 -0.520066452604167
405 135295 -0.168059080128472
406 2258 -0.224028875315975
407 65975 0.496574458979167
408 9223 0.436970045152778
409 5272 -0.398874547753473
410 10367 0.222633596916667
411 80213 0.246504899524306
412 30000 0.302481894690971
413 79822 -0.319945206326389
414 80173 0.400963814684029
415 7534 0.426561810072918
416 9477 0.314718379006945
417 89781 -0.294401110871529
418 125704 -0.364616920663194
419 56997 0.143267836562499
420 27 0.234760398649305
421 8148 -0.271593027770833
422 23259 -0.25171531739236
423 3720 -0.198805264284721
424 10905 0.406678178256946
425 100874362 0.29334615998264
426 253738 -0.338849827638889
427 127396 0.426216444263888
428 90427 -0.514435394000001
429 5241 -0.555163088777778
430 284086 -0.416996818454862
431 135228 -0.355821015222221
432 58508 0.187484840534722
433 94239 0.204108029572918
434 6405 0.352097269555555
435 3135 -0.410019134454862
436 55898 -0.239950812493054
437 283482 0.439242921850695
438 9001 0.429632523909721
439 744 0.426467083395834
440 25901 0.377936629784722
441 2250 -0.209551556350694
442 1060 0.420378241270834
443 9581 0.334978832159722
444 2969 0.518175000173611
445 2936 -0.321463248763888
446 160518 0.192412055215278
447 7111 -0.214415153194444
448 51560 0.517905560708334
449 4317 -0.301415209260417
450 340596 -0.336289911802083
451 4092 -0.376394564927084
452 374443 -0.26957436003125
453 112399 0.826403272732639
454 65065 0.416579713413195
455 55573 0.394550569444445
456 7485 -0.327932520131943
457 57647 0.474757325309029
458 6738 -0.375416833538194
459 3806 -0.74948371284375
460 101927943 -0.69184119426389
461 22982 0.225021257986112
462 5095 0.242075974763889
463 55275 0.341546105017361
464 10214 -0.346359736489583
465 7421 0.577887530204861
466 26094 -0.448679667451388
467 84243 -0.416109945374999
468 23510 0.174654260250001
469 5520 0.168166210291666
470 83729 0.499311880187499
471 387914 -0.717902082368052
472 79161 -0.335725836491321
473 4160 0.205836687756944
474 23345 0.281550122736111
475 26010 -0.242405629444447
476 10200 -0.18597437864236
477 143279 -0.388765205253472
478 6693 -0.477279542246526
479 51654 -0.206722360545138
480 9927 0.556372776642362
481 6585 -0.276651193673612
482 55905 0.119063466871529
483 4947 0.328506711489584
484 441072 0.308234819256944
485 10072 0.849153357236114
486 84888 0.253913269788196
487 9442 0.56302300109375
488 405 0.589063632958334
489 55565 -0.46011606696875
490 94081 -0.470534114427083
491 10165 -0.196691235805556
492 6095 -0.496357890513889
493 58472 -0.254445274638888
494 51010 0.273212913190972
495 53822 0.373270125972221
496 51334 -0.574625747083336
497 4651 -0.331016884996528
498 1385 0.279761359111111
499 491 -0.349489460444445
500 138199 0.247488710614585
501 84326 -0.229473802795138
502 286257 0.516930510684028
503 55707 -0.523516099930554
504 9034 -0.467874578319444
505 5432 0.31378249661111
506 4035 -0.360011463361111
507 9643 -0.144010659687501
508 55075 -0.587023323624999
509 1021 -0.306434571902777
510 647024 0.150718598038194
511 1376 0.237158359732639
512 23254 -0.319654403451389
513 81627 0.223829663465276
514 100130557 0.652815871899306
515 169693 0.407179100694445
516 10398 0.588248513708333
517 1089 -0.679769180767362
518 100144604 0.4488382795
519 26476 0.447867280993056
520 4849 0.3049398238125
521 387535 -0.419423412934027
522 319085 0.339129557381944
523 55539 0.211076648829861
524 3183 0.535742264722222
525 673 0.245327306277777
526 1644 -0.429806373215277
527 23516 0.527835361671875
528 9701 0.397824438194445
529 124923 0.234664613989583
530 6487 -0.244792069003472
531 25876 0.444724732822917
532 57447 0.430382933857637
533 84942 -0.188016818586807
534 25992 -0.564470410409721
535 56965 -0.198380130885417
536 54880 0.234869357621528
537 255738 -0.405591905243055
538 54796 -0.366308973909723
539 8802 -0.288085425972222
540 84302 -0.22875064773611
541 645191 -0.584950131635416
542 4193 0.424257922475694
543 2941 -0.185934984118052
544 10449 0.273774908659721
545 2359 -0.198271518086805
546 282809 0.292155426434029
547 57876 0.481624700215278
548 140735 0.266456468239586
549 389432 0.327305297208333
550 8994 0.276146938434028
551 23042 -0.393552315815972
552 1288 0.428225091746528
553 29923 -0.226483561940972
554 799 -0.316318733875
555 1291 -0.232696432309027
556 79605 0.598097070250001
557 54960 0.349794614677084
558 8451 0.220432158829858
559 157922 0.228282752930556
560 119 0.205978224788194
561 863 -0.228619178149305
562 3838 0.259923145159724
563 43849 -0.543261642381944
564 199870 -0.421239941597222
565 2823 0.210069767416667
566 115701 0.525547789211805
567 1656 0.339664287020835
568 150365 -0.487773167756945
569 8540 0.266725596454862
570 80143 -0.549079771711805
571 53838 0.600941133291667
572 11278 0.285581504309026
573 144423 0.760903823715278
574 51427 -0.401441155315972
575 220064 0.363421604854166
576 101060553 -0.109964312069444
577 83548 0.202670695138889
578 55750 -0.257789951246528
579 80344 0.33146498103125
580 100310756 0.244409443621529
581 91133 -0.303297518972223
582 6886 -0.279037619659722
583 160364 -0.314578428201389
584 4858 -0.519442404385416
585 23505 -0.322952666371527
586 619279 0.234953491222222
587 9590 0.310569027309028
588 85352 -0.454631684569445
589 3725 -0.314150762229166
590 83937 -0.305732689899305
591 51382 0.219532320881946
592 220002 -0.189541702496529
593 144699 0.173021152652778
594 10497 -0.469792207107639
595 5275 0.336349263078125
596 5376 -0.479030531314237
597 81570 0.549283304166666
598 4633 0.129174434999998
599 5306 0.510557379996528
600 6720 -0.468087706274307
601 23080 0.431892016743055
602 100507602 -0.484690210039929
603 154215 0.498706714986112
604 112 0.225977376138889
605 26740 0.359438342493056
606 4843 -0.300769418534722
607 148932 -0.456987493541666
608 26090 -0.647440505600693
609 10308 0.270146603413194
610 26212 0.477605770555556
611 2901 -0.374703379135418
612 7035 0.432596690114583
613 169792 0.575450003253473
614 10266 -0.608653744107639
615 51028 0.160439759510417
616 10777 0.435849714611113
617 65124 -0.329335846829862
618 5465 0.471237396229166
619 284071 0.196351913211805
620 9748 0.221367253208335
621 261734 -0.400307531288194
622 91369 -0.185924506836804
623 3077 0.556495221197917
624 154075 0.362284035402777
625 6001 -0.535772671309028
626 5467 -0.507867612100695
627 140679 -0.267419039482639
628 120103 -0.352827049829862
629 401577 -0.324767402437501
630 116496 -0.558098230925347
631 6425 -0.332222287149305
632 58491 0.363821634829862
633 57613 0.308061681013888
634 9717 0.587917077864585
635 29063 0.158196810326388
636 148170 0.292881631291666
637 360023 0.197223809052083
638 27166 0.175567188222222
639 79682 -0.399875508423611
640 9751 0.546671047927083
641 132001 -0.346130253593748
642 55361 0.202597409458334
643 153769 -0.724713234444444
644 124045 -0.214000711097222
645 100144603 -0.352392828388888
646 3066 0.253054024458334
647 101928716 -0.200660613822917
648 51691 -0.224463944614583
649 84545 -0.450664382822917
650 5740 -0.420197566333333
651 51244 -0.229963401930555
652 11336 -0.257903037791666
653 23765 -0.379143078374999
654 916 -0.592979442020833
655 57103 0.516067150541667
656 9914 0.594299953027778
657 51706 0.306074258125003
658 53615 0.70914914628125
659 9816 0.175152040208334
660 9502 -0.534354012874998
661 340895 -0.526410035840278
662 100874305 -0.209087592979166
663 51015 0.310631013565972
664 1000 -0.408741667934027
665 7113 0.621705605836804
666 8633 -0.543673176836805
667 246175 0.384152631163194
668 29775 -0.175327006444444
669 100506492 -0.276322748156249
670 283860 -0.391462629194443
671 7766 0.398556844250001
672 57569 0.490568823315972
673 3705 0.314924831298611
674 103344718 -0.557828707829861
675 222068 -0.313050154197919
676 55252 0.261774121034724
677 147699 -0.467621019402777
678 81932 0.515552684684028
679 641 -0.267503428788193
680 3707 -0.206054784503472
681 123036 -0.294873751802083
682 57336 0.306330489727431
683 64750 0.254019722333334
684 54434 -0.537085476854167
685 51773 0.241094859145834
686 10380 0.285940966722223
687 23244 0.100019223125001
688 472 0.369204503090278
689 54875 -0.463405995753472
690 2768 -0.249321859776042
691 3363 -0.197083249809027
692 58513 0.753532438753472
693 220213 -0.730023246663196
694 9725 0.393090389697917
695 50810 -0.451170332711806
696 166348 -0.205757614409723
697 10922 -0.187549029805556
698 29944 -0.461254620704861
699 23285 0.478602651930556
700 64849 -0.653176653072916
701 10912 -0.709868152888891
702 7046 0.20806550315625
703 5423 -0.174663573402777
704 56998 -0.320362867562499
705 202018 -0.199722154288194
706 2210 -0.183531980656249
707 10617 -0.499453457673611
708 59342 0.520725823093749
709 51742 0.180705012631944
710 256987 0.406390628895833
711 85291 -0.626268012770834
712 54622 0.333931179541668
713 6767 -0.154318845763889
714 4077 0.291677491496529
715 11101 0.239820639309029
716 100506898 0.386671538170139
717 10402 0.461663693152778
718 2920 -0.536169818680555
719 219854 -0.393158526836805
720 84320 -0.22220404364236
721 49855 -0.147974842111109
722 102724827 -0.405699794652777
723 669 -0.476245651597223
724 66002 -0.531074371666666
725 5562 0.368380414125001
726 23091 0.184948608315972
727 5819 0.3378167203125
728 100505635 -0.194449004302083
729 1586 -0.536995679239583
730 81577 -0.318626359083334
731 23001 0.208276026743057
732 283537 0.277990223652779
733 5817 0.457576327166667
734 4159 0.274959457555556
735 25943 0.302096633430555
736 10492 0.194156234472223
737 55216 -0.219199101093749
738 1457 0.273202834847223
739 80255 0.266498284218748
740 9746 0.356160362666667
741 57554 0.565796780236111
742 29982 0.283774079541668
743 119504 -0.141659640694447
744 552 0.458209388770833
745 7428 -0.341610416024305
746 6949 0.609630809197917
747 84168 0.155426807809028
748 11173 -0.343769186875001
749 8531 -0.655065198746527
750 9145 -0.286196140756944
751 79815 -0.77733228434375
752 134218 0.276838892020834
753 9851 0.361112213815974
754 1909 0.346427705649306
755 283687 -0.439065895986111
756 9486 0.238431551364584
757 6927 -0.323954995413195
758 54904 0.245243815881945
759 101928751 -0.375783827668402
760 25801 -0.332451999159723
761 64327 -0.550345453163194
762 93436 -0.313364575333334
763 2673 -0.231786361993054
764 3099 0.927124909263889
765 171586 0.400747958138888
766 652995 -0.486703166548612
767 57396 -0.127804323302083
768 7776 -0.38392359348611
769 199 -0.358141712961805
770 8365 0.312832497840278
771 441179 -0.301012535986111
772 6421 -0.262944887267361
773 5290 0.280863839739585
774 30844 0.301479948048612
775 26046 0.151467826749999
776 7991 0.391521765152778
777 6238 -0.573373136427084
778 144577 -0.295121606868055
779 6314 -0.148735145722222
780 51754 -0.20854521792361
781 54583 0.185176004965278
782 729732 -0.342019581239583
783 147339 -0.221027768357639
784 64769 0.231378267201388
785 8125 0.222084388243056
786 83850 -0.155770820979166
787 23314 0.400001948069445
788 1124 -0.432501151350694
789 4646 0.389649312527777
790 342926 0.338699352397569
791 7369 -0.108114361031249
792 339500 0.278349581638889
793 112597 0.404963292177084
794 100128420 -0.226448823263888
795 2528 -0.284019884145834
796 25937 0.298306281402779
797 51729 0.217570339631946
798 51029 0.35957544051736
799 79814 -0.47700947197222
800 340277 0.566484705402778
801 399979 0.232741256534723
802 51130 -0.468900900100694
803 57486 0.340528380531252
804 105378749 0.425683491828124
805 6905 0.247492767069445
806 6909 -0.605561126503472
807 253959 -0.300219398447917
808 2618 0.192507318329859
809 645212 -0.231142977843751
810 400568 -0.419808540180555
811 22882 0.318070019256943
812 2222 -0.245551653734374
813 6192 -0.143176701423609
814 154 -0.227372237336807
815 346157 0.0892514463506942
816 26353 -0.319900410034721
817 55647 0.750767810458334
818 128414 0.0890316177812496
819 284390 0.182533756024306
820 79781 -0.195971609954861
821 4610 -0.597008331072916
822 11180 0.327722244142361
823 80184 0.473317951003472
824 80821 0.279843697944444
825 90589 -0.324032130399305
826 26999 -0.436651926930555
827 8819 0.303154201263888
828 57188 0.316254321083332
829 440119 0.290317658829861
830 283349 -0.432286164847222
831 79695 -0.528766873829862
832 22955 -0.17311251490625
833 100505573 0.18813655773264
834 6339 0.357115727423611
835 51095 0.31779962448264
836 51725 -0.801859711583331
837 3945 0.623048467621528
838 7009 -0.144102490868056
839 59349 -0.36070314376389
840 79958 0.475572850986111
841 2104 0.529559135347222
842 91978 -0.411286115779514
843 9609 0.508644764663194
844 85414 0.403347796895834
845 2902 0.643911085270834
846 158263 -0.12974138404861
847 4864 0.24857659634375
848 9898 -0.288098009100694
849 128486 0.543915089677084
850 821 0.242296584753472
851 642976 -0.325658112059028
852 23327 -0.317276395024306
853 55644 -0.406658472305556
854 92595 -0.309893478965278
855 163131 0.3302441065625
856 151050 0.306401376954862
857 200185 0.351600461545139
858 439949 0.353074034059029
859 84955 -0.188963356989585
860 57823 0.319406740472223
861 64743 -0.181296868493055
862 1296 -0.28040826826736
863 284440 0.377612594097221
864 126526 0.605805473267361
865 130497 0.469997635475695
866 9444 0.360239942899306
867 677 -0.309195727996528
868 83448 -0.380862183041666
869 6670 -0.197264966045139
870 3912 0.429148890923612
871 64802 -0.261428283333331
872 56171 0.222265975354167
873 6714 -0.206655336902777
874 6584 0.189104618309027
875 144817 -0.274654251927083
876 9260 -0.640766654690972
877 6204 -0.47729854451389
878 26053 -0.414721288659721
879 6470 0.150329228999999
880 101927411 0.274126542236111
881 79595 0.289113319593751
882 80145 -0.406552631826388
883 3354 0.117537890982638
884 81790 -0.229308805500001
885 10423 -0.475618643701388
886 9457 0.438466708684028
887 9730 0.191933721326388
888 6645 0.258250415289931
889 4015 -0.434965826625
890 348235 -0.244607718451388
891 650794 0.358673131447917
892 64745 0.353147396600694
893 8289 0.319953773663194
894 22901 -0.384933576805556
895 366 -0.612793319850695
896 29979 0.162250217489584
897 29895 -0.143543197187498
898 59338 0.206922791083334
899 10647 0.609318806913194
900 3082 -0.366094177784722
901 144571 -0.285498966743055
902 79677 0.487536315357638
903 51368 -0.337521178836804
904 3551 0.333634397309027
905 4889 0.315322262635417
906 9373 0.216212423298612
907 55624 0.271697049350694
908 2260 0.295275716343751
909 6683 0.252481705628474
910 860 0.350255483649305
911 148254 0.443624781253472
912 10988 -0.216362382006945
913 78999 0.425136607694444
914 100128098 -0.419792880722222
915 114915 -0.320812468694443
916 2081 0.555458259319444
917 202781 -0.148224600486111
918 5591 0.406634612256944
919 388507 -0.312429631038194
920 5690 -0.156712446902778
921 100507316 -0.508565078324652
922 22894 0.281454207225695
923 124739 0.37664510479514
924 129880 0.272412364697916
925 81555 -0.297429528479166
926 54463 -0.390777965486111
927 56963 -0.358179991458332
928 100505474 0.148288957038194
929 29945 -0.235807283079861
930 1571 -0.314460309142361
931 26058 0.19777480264236
932 80011 -0.210121386583332
933 55139 0.924461644559028
934 6817 -0.223197266489583
935 7343 0.528676910555556
936 101928545 -0.400122577979167
937 3308 0.408278572125
938 900 -0.190486351527777
939 8925 0.232807063090277
940 116039 -0.287812950725694
941 64151 -0.344391393229166
942 5825 0.182225081809028
943 10555 0.254816171184029
944 9031 -0.306646599510418
945 10484 0.171624435402775
946 55297 0.207979331378473
947 80005 -0.501481780541667
948 1660 -0.207256918173612
949 25804 0.225810216552084
950 284352 0.338522136291667
951 51582 -0.563102623722223
952 152302 0.234079299760417
953 203 -0.342204935010416
954 388531 -0.409646837239583
955 3799 0.246629728166667
956 2835 -0.355516508208333
957 2350 -0.448750923986111
958 8797 -0.379913407508681
959 730112 -0.447644907565972
960 60676 0.297960801284722
961 199699 -0.518600323159722
962 3785 -0.243214208315972
963 183 0.3386340985625
964 26229 0.375328046586806
965 1990 0.456213215190972
966 25925 0.379041474739584
967 55048 -0.371129633673612
968 3292 -0.440655023749999
969 164045 0.398569926614583
970 440503 0.842594799930555
971 11016 0.367066340319444
972 9693 -0.253869062607639
973 9066 -0.0820419888784722
974 10814 -0.316209772458333
975 100507389 -0.189347404618056
976 132320 0.332613650284722
977 2596 0.426323679524306
978 55776 -0.12423910365625
979 55839 0.283797762569445
980 23295 0.162806924836807
981 130916 0.202518928420139
982 54059 -0.430938291881946
983 11140 0.290559819996529
984 8907 0.228048523274305
985 7701 -0.302574137847222
986 7769 0.361248166319444
987 55632 0.462774204756944
988 9684 -0.366883017163195
989 124491 0.149051060371527
990 80071 -0.284255419475695
991 91807 0.644909951434029
992 26263 0.351875379652777
993 80224 0.25667547846875
994 2264 -0.516776165232639
995 488 0.0893504487847228
996 199777 0.482251865305555
997 138804 -0.528200581697918
998 157 0.409914929090278
999 25924 -0.764070320434027
1000 91661 -0.440778050145834
1001 5795 0.2804816845625
1002 136319 -0.133152643131944
1003 144568 0.262863676670138
1004 9863 0.200779222819444
1005 22832 0.323311380222221
1006 80209 0.141227925774305
1007 65059 -0.332997239319445
1008 286464 -0.110075371225693
1009 865 -0.434624659586805
1010 11215 -0.320962674060764
1011 5981 0.136948539142363
1012 832 -0.22580892179861
1013 23219 -0.693418556652778
1014 9666 0.224453205875001
1015 55002 0.288987168000001
1016 132321 0.380691775836805
1017 196410 0.683096986635417
1018 6300 0.84067921340625
1019 627 0.179037286267362
1020 727936 0.41972851752778
1021 22909 0.32441439151389
1022 80207 0.30162388751736
1023 10819 -0.338509265847222
1024 3106 -0.358684617628473
1025 101927275 -0.386981233934026
1026 7170 0.159729315034721
1027 399821 0.0913058354826388
1028 374655 0.580921169798613
1029 133957 -0.201724908374999
1030 11067 -0.32827413578125
1031 127124 -0.178419528902778
1032 257358 -0.308867730288193
1033 10106 -0.201079133475695
1034 151613 0.171469466579863
1035 440087 -0.169169123104166
1036 1773 0.527408503829862
1037 79654 0.223366633052085
1038 100130548 -0.171652089524305
1039 5137 -0.345235990274305
1040 2623 -0.573547185354167
1041 6533 0.458088989100697
1042 170622 0.548391509489583
1043 84085 0.582996312963542
1044 9878 0.118155356895834
1045 23275 -0.366802381236111
1046 80031 -0.257889538979169
1047 331 0.213811018373264
1048 9653 0.261795846968751
1049 10311 0.233119453010419
1050 57720 0.254253716243055
1051 5939 -0.35521813984375
1052 115749 0.201849222281249
1053 6045 -0.345844477413194
1054 442191 -0.363077060239584
1055 9886 -0.330396715138887
1056 7139 -0.248725312579861
1057 79582 0.403911886965276
1058 9931 0.178632411652778
1059 164284 0.231183904812501
1060 8292 0.489758493145834
1061 1316 -0.282772310895833
1062 9342 -0.417187958947916
1063 100505746 -0.391325762743056
1064 55706 -0.241138198312499
1065 93589 0.140463483937499
1066 90592 0.205015723902778
1067 8620 0.362668080475694
1068 29097 -0.282030689260417
1069 48 0.195182431079862
1070 23005 -0.341663204215277
1071 5230 -0.445942076555555
1072 8496 -0.343989856659721
1073 79683 0.148662971229167
1074 84951 0.243739090159723
1075 57224 -0.100883004680555
1076 8555 0.300051113083334
1077 400954 0.199905485024306
1078 5393 -0.150441583704862
1079 9249 -0.234201754138888
1080 201973 -0.141332005517361
1081 152573 0.373594181569444
1082 9939 0.164749817711806
1083 23335 -0.264905170559027
1084 64863 0.327189476951388
1085 8543 -0.342222554833334
1086 284992 -0.0535827478715274
1087 5793 -0.3225580768125
1088 140691 -0.269403447687498
1089 5292 -0.363022372095485
1090 4919 -0.310376393402778
1091 56672 -0.19002172682986
1092 55914 0.295768701319446
1093 55022 0.178497017357639
1094 153745 -0.212061169336806
1095 4237 0.622604057340277
1096 101929897 -0.557186225227431
1097 169200 0.489486098312501
1098 7168 -0.232279737812501
1099 104 0.485148692302084
1100 55726 0.202508896593748
1101 11174 0.276079745072916
1102 112950 -0.16592607401389
1103 84549 -0.149054146500001
1104 7439 -0.350933418541666
1105 10051 0.181662324427085
1106 133688 -0.324234454190972
1107 84649 0.516319227756944
1108 9321 0.394134859246528
1109 64432 0.195112486697917
1110 8644 0.916509656267364
1111 57578 0.403419696680555
1112 116115 -0.186194083784723
1113 102724356 0.279740704461807
1114 162514 -0.228581417024305
1115 201134 0.353960504270834
1116 54840 0.195787921545139
1117 51616 -0.265392763739582
1118 51696 -0.339135933302084
1119 9470 -0.263180100281252
1120 23586 -0.359331697246527
1121 5536 0.613251124100695
1122 9467 0.350022537833334
1123 79042 -0.116938673798611
1124 8785 -0.523050815833333
1125 282996 -0.344741145805555
1126 222584 -0.0599945751493056
1127 10048 0.157991807118055
1128 56893 0.177133437635418
1129 25927 -0.268518567097222
1130 26188 0.254436354722222
1131 1894 0.397521910564236
1132 5371 0.309226483118056
1133 105378419 -0.238905962267361
1134 4676 -0.132937497572916
1135 284131 0.107177334604166
1136 123970 0.416592031815972
1137 100129406 -0.160012082993055
1138 9841 0.0945254341770827
1139 56163 0.0945109816909722
1140 9050 -0.4942808168125
1141 133308 0.286588951079862
1142 11147 -0.0651147142951385
1143 3394 -0.534093753333333
1144 2068 0.356513172378474
1145 113201 0.524957688371528
1146 3268 0.36157004534375
1147 5660 0.162993258819448
1148 64919 0.201628138701389
1149 55236 0.4528378364375
1150 8790 0.21009540227778
1151 222553 -0.880595598840277
1152 1627 0.495950688128472
1153 50940 0.329131208381944
1154 10046 -0.267078792090278
1155 7138 0.148191084236112
1156 3710 -0.315720165743056
1157 55831 0.338231048590277
1158 432 0.239816534975695
1159 101928580 0.381197696864584
1160 9780 -0.325628621708333
1161 4625 0.143235253229168
1162 4067 -0.314498338451388
1163 283403 0.221989125104166
1164 2958 0.276868590107639
1165 497634 0.335987059673611
1166 51561 0.315009260409722
1167 149643 -0.211361449718749
1168 26762 0.108764556642361
1169 9580 -0.378214243381945
1170 100125288 -0.434187504243055
1171 1825 -0.260241356267361
1172 253260 0.302448111288196
1173 54877 0.245368301850694
1174 5048 0.129680080381945
1175 9284 0.243156886635418
1176 11031 -0.311726533701389
1177 7569 -0.337987820277777
1178 79631 0.210205127805556
1179 80000 -0.408365901972223
1180 5340 -0.3927608365
1181 8780 0.304540993416666
1182 83891 -0.0985705729305546
1183 6789 -0.225842307048611
1184 23321 -0.246750492173611
1185 54509 -0.530234698645834
1186 23408 0.246649318208334
1187 6602 -0.353454845670139
1188 9891 -0.230115691885416
1189 912 -0.539668512027777
1190 4969 0.617883808930555
1191 9641 -0.57339999874132
1192 84807 -0.192789922236111
1193 2677 -0.271460587777779
1194 3805 -0.283080305562499
1195 2005 0.277482082454861
1196 96610 -0.246266538885417
1197 10625 0.195396029322917
1198 1635 -0.296030935319444
1199 22927 -0.385466660079862
1200 2916 -0.317541722631944
1201 84680 0.7186879764375
1202 2491 0.0741982253854165
1203 4034 -0.199837168055556
1204 5534 -0.289793132052083
1205 9697 0.418715167479167
1206 148741 -0.246052116145832
1207 203523 -0.193133269020833
1208 6605 0.326331327409723
1209 10570 0.408794356753472
1210 23230 0.209433724461807
1211 57728 0.242284531416667
1212 50650 0.309620590690972
1213 58533 -0.132808324451387
1214 30811 0.325701949590278
1215 54991 0.420660883305556
1216 3119 -0.405254317670139
1217 441046 -0.431256693246528
1218 4363 0.242479191868057
1219 22941 0.276054571142361
1220 121441 -0.380441751749999
1221 101928525 -0.363768950138889
1222 58529 -0.0625517469791674
1223 83592 -0.554732211006944
1224 126070 0.401947855190972
1225 3985 -0.377014377069444
1226 473 0.245395420395833
1227 64098 0.156503704378472
1228 355 -0.409232127173611
1229 349152 -0.415677956369791
1230 5861 -0.286109632121528
1231 1759 -0.296864124756944
1232 2212 -0.353489764902777
1233 400410 -0.349495153555555
1234 387723 -0.310429178975694
1235 23543 -0.358177113843749
1236 25836 0.198849596881944
1237 9993 0.351757570298611
1238 57154 0.304707601652779
1239 137994 0.159090846027777
1240 25802 -0.506815455052083
1241 55326 0.335126805625001
1242 53918 0.156737278006944
1243 6232 -0.18526635590278
1244 84002 0.420995243725693
1245 56 -0.183030513541667
1246 80381 -0.255228718163194
1247 29969 0.4849973950625
1248 4163 -0.370462550045136
1249 9589 0.250807181923611
1250 7163 -0.325385135055557
1251 1434 -0.157790641194444
1252 28962 0.261348977694444
1253 3184 0.124748382524304
1254 149986 0.5014543145625
1255 79982 0.544161943913196
1256 6794 -0.26300871703125
1257 6497 -0.355912672131945
1258 29101 -0.428982422618055
1259 389161 -0.233045624451389
1260 4852 0.336940628795139
1261 400794 -0.303201451076389
1262 23174 0.207902049013889
1263 285759 0.281845995190972
1264 54988 -0.284199128559028
1265 152831 0.299397879336805
1266 161931 -0.391878374069445
1267 7039 0.0881842052951387
1268 401474 -0.241828993034722
1269 58473 -0.590319396701388
1270 80762 -0.231987059904514
1271 644139 -0.277135673611111
1272 9747 0.275919321482638
1273 5832 -0.383017692298611
1274 55069 0.20536954536111
1275 83666 0.173234555458335
1276 57448 0.163241651340277
1277 90321 0.177270389256945
1278 1468 -0.421934218083333
1279 4616 -0.313402056670139
1280 55650 -0.188748968996526
1281 23287 0.241242259715278
1282 9306 0.22470443284375
1283 8913 -0.467197201263889
1284 81544 0.726538029777778
1285 54836 -0.287749345187499
1286 6677 0.238173835048611
1287 11025 -0.409693272677083
1288 63876 0.435784584097223
1289 84061 -0.267855925711805
1290 10146 -0.285339825666665
1291 192670 0.205697384118054
1292 55245 0.181939341947916
1293 132200 0.466743946986111
1294 100288432 0.229085867715277
1295 9908 0.1658853459375
1296 3488 0.507438201097222
1297 6091 -0.417828791684027
1298 6247 0.339523205458334
1299 9779 0.669274608413193
1300 23612 0.295057165965277
1301 11027 0.203944058128472
1302 5169 -0.249070076552083
1303 63874 0.163647322184029
1304 4222 -0.260541877788194
1305 2060 -0.210051874333335
1306 283177 -0.386467302874999
1307 7597 -0.395571889194444
1308 79609 0.359475530649306
1309 1373 0.0991073814861108
1310 9728 -0.255835991736111
1311 94120 -0.111761391239583
1312 79784 0.44289884471875
1313 29881 -0.503147066545138
1314 9975 0.228190832673612
1315 64333 -0.171611762770833
1316 55244 0.313618428208335
1317 55063 -0.481497027864583
1318 79345 0.397486108895833
1319 147004 0.368883099809028
1320 101927768 0.375103941541667
1321 79810 0.295138274628473
1322 10838 0.176050533819443
1323 32 -0.213284461067708
1324 64094 -0.398526927677084
1325 729614 -0.184056520454861
1326 80742 -0.307600996663195
1327 30837 0.221184180857641
1328 26100 -0.138293380503471
1329 134353 0.212065325815971
1330 8867 0.188843950663195
1331 90407 0.185715511454861
1332 255394 0.262496985552084
1333 81789 0.0797893662534719
1334 23112 -0.293150772666666
1335 10564 0.134460439288196
1336 5778 -0.404178162413194
1337 7532 0.102139734687499
1338 23383 -0.264602568364582
1339 101060544 -0.335285956663195
1340 151254 -0.331076609607639
1341 10390 -0.176582874503472
1342 7407 -0.411292796437499
1343 54629 0.194586471649305
1344 10605 -0.285138030843751
1345 57459 0.421865987284723
1346 672 0.248542951201389
1347 23078 0.276175161170139
1348 57326 0.491308206548611
1349 284561 -0.144399652152778
1350 219771 0.253397077305556
1351 10509 0.573424503333333
1352 23013 0.36784965228125
1353 8824 0.329587015805557
1354 51663 0.105102390138892
1355 54838 -0.239133414309029
1356 80757 0.307492445795139
1357 7373 0.234852420878472
1358 23061 -0.202043260149306
1359 100852409 -0.154474523406249
1360 10300 -0.345470137125
1361 6830 0.197342925597222
1362 3603 -0.344347390118055
1363 23105 -0.452844898871527
1364 550643 0.360331294489583
1365 79009 -0.229914601559028
1366 57184 -0.294970025604166
1367 56999 -0.250307871340277
1368 10099 -0.26103483220486
1369 283455 -0.30639524265625
1370 63929 0.169082181326389
1371 128611 -0.163656668576389
1372 3189 0.274615855711805
1373 78990 0.172279051697917
1374 7465 0.646178906180555
1375 257106 0.575439295895833
1376 100505545 -0.384928434277779
1377 1491 0.402408616427083
1378 5270 -0.533184862805555
1379 3837 0.22042398651389
1380 225689 -0.503288788958333