1 9358 0.906736187558429
2 9847 -0.89882817346265
3 27175 -0.629078228527578
4 26507 -0.75778191943715
5 388677 0.792911044111589
6 5764 -1.0019471935034
7 10368 -1.39911037363505
8 53919 -0.806474405965117
9 293 -0.511110475946554
10 91851 -0.673351054310033
11 4130 -0.604518735854606
12 11178 -0.619168701738163
13 9168 -0.764054652742859
14 8925 -0.728950532114277
15 9079 -1.51131998942251
16 10938 0.500742138979013
17 10522 -0.784473612988755
18 1948 -0.814568658253808
19 770 -0.625139928093043
20 23518 -0.924591783477258
21 9821 -1.21838406762165
22 10083 0.70662807273923
23 29761 -0.786382390750344
24 2115 -1.44028766294031
25 40 -0.579133598502312
26 22941 -1.08693019349929
27 10559 -0.802342357798033
28 27324 -0.863062405860467
29 55757 -0.55243685930383
30 23157 -0.947954629401438
31 10197 -0.395064752196822
32 254531 -0.8983940198561
33 65981 -0.851363594763819
34 55711 -0.552820903850374
35 4293 -1.10184600255947
36 8317 -0.569854193168816
37 9071 -1.05489415185075
38 26039 -0.671994348320717
39 23033 -0.942612438229118
40 57235 0.697643141830079
41 8514 -0.629323613389329
42 4057 1.54640642278676
43 80975 0.591086285537794
44 754 0.484522934788403
45 23392 -0.888920997027852
46 3741 0.581806063150049
47 6508 -0.603760063265905
48 960 0.353960828993459
49 1008 -0.932989744053121
50 23167 -1.14581350250194
51 10525 -0.421606145358844
52 7145 0.829357162284149
53 26137 0.68259370495535
54 5126 -0.936111841302935
55 9353 -1.11604148859124
56 5577 -1.35311217268878
57 138046 -1.19508692951497
58 8153 0.762044793157091
59 5063 -0.570762937314703
60 1428 -1.44664131337644
61 150726 -0.535595187887838
62 145389 -0.557881275546678
63 9143 -1.48095101530074
64 53353 -1.07734416316907
65 4714 -0.565557424293244
66 6907 0.953785441990305
67 9699 -0.659524379377543
68 8110 0.547303169912055
69 79567 -0.35587566822096
70 493 -0.599892253981292
71 576 -0.77025213763649
72 1176 -0.775433856704007
73 4772 0.481587691818592
74 79837 -0.57481117560002
75 10299 -0.531745984302272
76 9940 0.412758969821168
77 6323 -1.24116527905527
78 5104 0.616960702082735
79 81831 -1.25521953758354
80 9750 -1.14150687179499
81 5160 -0.549471181063767
82 687 0.52803359367359
83 1268 -1.99904256877635
84 2262 -0.757305614024249
85 1734 -0.67326752095416
86 54733 0.349581970832628
87 9956 -0.615490984555308
88 10769 -1.74564927196299
89 64344 0.549172342007314
90 29114 -0.935944442106127
91 51626 -0.626527692264399
92 408 -0.329335089988399
93 23001 -0.434624676508341
94 2006 0.455521397634509
95 23109 -0.848653005329538
96 10059 -0.761158629710528
97 6328 -1.16013401506523
98 55521 -1.41355783329472
99 5999 -1.7520035277173
100 1290 -1.92911724747069
101 2892 -0.705442267382998
102 10231 -1.14484699456443
103 84159 -0.571926469048192
104 5579 -0.980711489066426
105 4741 -1.70714811556039
106 2153 0.54457227149698
107 8502 -1.11066220240384
108 4330 -0.425674813363592
109 1463 -0.566139043822394
110 2766 0.772261087118844
111 23329 -0.836366986747141
112 9452 -1.06305401039879
113 2039 -0.689040710916645
114 5534 -0.875307632301854
115 1337 -0.783641090655468
116 81616 0.43144022388271
117 81563 -0.568674936386836
118 8525 -0.66489482685992
119 6273 0.386655850079837
120 10645 -0.609944656427679
121 54587 0.498107226401026
122 6000 -1.4160520232888
123 9985 0.310532752682906
124 5218 -0.746292471436254
125 23086 0.590635150805971
126 8484 0.366663378857666
127 5276 0.423994191834199
128 4744 -1.62713444654093
129 7447 -1.56357988320586
130 51428 -0.64937344047894
131 63982 -1.49195502746332
132 3423 -0.75814707911194
133 55312 -1.4349021233768
134 64131 -0.541459134569881
135 4520 0.333215964454132
136 815 -0.602818139182583
137 4357 0.482673400902071
138 8470 -0.712825641489737
139 5584 -0.567837565591749
140 90864 0.344263075494315
141 115123 0.59752468838022
142 8997 -0.976376128278654
143 81493 0.325972509578192
144 5530 -1.06914678262158
145 11037 0.630373785424576
146 9922 -0.497511116568404
147 2915 -0.987102496605608
148 10129 -1.12929014131902
149 230 -0.540911662705097
150 5580 -0.385532532596006
151 8671 -0.865087902628359
152 9913 -0.591060565471685
153 9141 -0.392859996098836
154 55558 0.362461191683657
155 3838 -0.828895583303767
156 4128 -0.476025077581021
157 2550 -0.728332177742331
158 85352 -0.494855372074933
159 8455 -0.791296171898269
160 11138 -0.300237937768742
161 4696 -0.55971121501269
162 4584 0.34969943642535
163 9515 -0.545158866079507
164 57613 -0.785335377012161
165 92689 0.460528619000791
166 8837 0.501198395389427
167 57172 -0.600153905925219
168 267 -1.13851600387509
169 3587 0.443599130457629
170 9061 -0.646561508823163
171 11197 -1.76669448358941
172 1327 -0.654313156357583
173 26468 -0.417137700394341
174 5274 -1.55232514112842
175 2746 -0.595581490705312
176 5775 -0.303081963333229
177 22873 -1.01731068348346
178 2845 -0.729812465702123
179 29106 -1.34770422628112
180 79817 0.378627086990729
181 56521 -0.758500015093946
182 11168 -0.759029262247184
183 23314 -1.29930378984173
184 55164 -0.310595243356348
185 8490 -0.742039079831501
186 2774 -0.809023846585334
187 10675 -0.533023319392649
188 2173 -1.07198890680779
189 23284 -0.657124922371427
190 931 0.392260557142738
191 53405 -0.4463088314188
192 9856 -0.689167716078732
193 23236 -1.2704212189598
194 93664 -0.980337123747598
195 2775 -0.474861558266282
196 79645 0.376897394935857
197 5087 -0.576640620518816
198 286205 -0.481490416370018
199 2260 0.341030172913112
200 1839 0.24561269015528
201 9118 -0.980567487248235
202 79571 0.261299783442907
203 55079 -1.12910373379285
204 222161 0.645246638774783
205 6183 0.406412377995636
206 23261 -0.912728959286292
207 51569 -0.44945158723111
208 5799 -1.06781059084629
209 10758 0.345441406375452
210 25999 -0.430894992294649
211 1340 -0.599009738760934
212 8120 -0.820167324777891
213 26278 -1.10188832413002
214 84909 0.524834809232441
215 51285 1.02899217826709
216 81848 -0.323474324314542
217 57496 -1.05373801527268
218 23102 0.432760661664741
219 2302 0.377139208162926
220 9478 -1.2331872190681
221 23331 0.410213670919406
222 64342 0.376933877358343
223 9915 -0.546543700368025
224 8528 0.28479848710902
225 79762 -0.700191257474664
226 6461 0.331405260634978
227 3939 -1.18623757811089
228 2806 -0.535974583223792
229 10819 0.358610456416669
230 3693 0.391065397789212
231 60494 0.300116555195739
232 8828 0.257573146356359
233 51372 -0.466760115085922
234 4121 -1.35003637583189
235 377 -0.850451471449187
236 3836 -0.397932966572882
237 51458 0.254878960096851
238 5710 0.316009128672799
239 9623 0.285591534235729
240 678 0.887302592648731
241 10846 -0.744754635350444
242 57343 -0.457393677547968
243 25992 0.466222832861849
244 54498 0.363223306485498
245 7150 -0.467816957556699
246 3904 0.475482823532516
247 54904 0.410312975110116
248 26046 -0.449984124379717
249 53832 0.293667616598757
250 10428 -0.696887318130971
251 199870 0.278070352541991
252 79969 -0.281155582669058
253 10468 0.359280278252879
254 22981 0.320899585130924
255 51001 -0.518638198350961
256 7010 -0.419522790791366
257 92552 0.367036012378415
258 5648 0.348938281697142
259 7041 0.793711942604853
260 64850 -0.812388116116974
261 3800 -0.371043062426441
262 7027 -0.46381503874677
263 83660 -0.365523407847187
264 79026 0.804018856354029
265 9228 -0.676799187151113
266 57150 -0.418721896204024
267 51196 0.456317765787866
268 26289 -1.08581495177816
269 4358 -0.331274620726864
270 22929 0.47002554663124
271 79616 0.268842863161607
272 64393 -0.585132411539817
273 2555 -0.729588485796697
274 4008 -0.262765228158808
275 83439 0.376772747269825
276 10458 0.364004073613186
277 53822 -1.00202011897061
278 55750 -0.595446197461675
279 65055 -0.670366999225251
280 10848 0.679996207556254
281 92856 -0.500884180474202
282 26033 -0.951006719707697
283 10723 0.50585692447162
284 1072 -0.276261789998012
285 28978 -1.12958658984311
286 5992 0.723683261020758
287 441151 -0.810170027950516
288 2108 -0.693272430118457
289 55810 0.277206105940745
290 4852 -0.700689595238165
291 10752 -1.59283130217417
292 29969 0.465455217794593
293 23040 -1.45185617598041
294 56155 0.254580526245126
295 6529 -0.881745710810454
296 55663 0.257626209127484
297 7167 -0.69092280198276
298 57198 0.24108575995138
299 4856 -1.32547065861312
300 288 -0.328270922334495
301 26355 -0.664157223554408
302 5478 -0.728726348697128
303 9762 -0.491898958526047
304 9994 -0.584276647759323
305 11117 0.380353048741263
306 54103 -0.611518223499369
307 9256 -0.432893031792334
308 23760 -0.429253628827537
309 349152 -1.07848726702153
310 51588 0.625179363383138
311 2740 0.300394903704321
312 7534 -0.760471261627314
313 51668 -0.671240430879871
314 6566 0.616331656629603
315 4052 0.290655820208645
316 3572 0.280210712583877
317 10776 -0.896990894599663
318 28956 -0.320995731942003
319 55135 0.303709572009757
320 3736 0.384699800762538
321 32 0.945034862979012
322 644 0.252097602483212
323 926 0.214728439981586
324 55384 -0.646790850425838
325 2785 -0.882976231731831
326 26048 0.5196438941929
327 9653 -0.590950037847611
328 10740 -1.06047354958773
329 23026 -0.738785048493846
330 4802 -0.37644731213179
331 1829 0.267330519552232
332 284 0.591621049694789
333 5270 -0.525529959313289
334 1020 -0.721541450696983
335 105 0.558880403251328
336 3708 -1.02782913779556
337 22832 0.22175523249098
338 9315 -0.739687117129515
339 1277 0.359300646155013
340 57468 -0.9208772718061
341 26088 0.280598264734159
342 4650 0.44387995033285
343 9590 -0.828034056591791
344 8721 -0.855019711070836
345 79646 -0.71909830835566
346 51232 -0.621263900293499
347 28958 -0.532268288360202
348 9925 0.351403092150472
349 5202 -0.619002146923799
350 3851 0.292181154063592
351 2870 0.458829058643027
352 6091 -0.594428900080092
353 80019 0.307740137781296
354 8572 0.392367453687177
355 6658 0.21387057022292
356 2778 -0.974508968152692
357 55269 -0.465475722972811
358 51134 -0.260504126075239
359 64897 -0.390352634953568
360 3750 0.328418836594686
361 108 -0.910727550587658
362 4522 -0.677672480085349
363 9627 0.428558085249469
364 81544 0.300629290168249
365 84830 0.316292582843252
366 491 -0.550170199695819
367 10541 0.55486733187205
368 165 1.17200579410941
369 55723 0.256461806555724
370 10651 -0.896401840547129
371 11074 0.498167005433268
372 6675 -0.650607651408564
373 9202 -0.50715417984845
374 81578 0.92579528471669
375 10381 -1.37587242714808
376 1106 0.343220944025751
377 7334 -0.509187683534122
378 23508 -0.799148300398222
379 26226 0.38597779200752
380 50 -0.531655962297291
381 9409 0.296342715530769
382 6505 -1.19360560320973
383 4628 -0.808868845934311
384 79960 0.463049834810885
385 1778 -0.525580446547284
386 5116 -0.324158854727864
387 6657 0.453682553618221
388 25827 -0.359987251238449
389 4745 -1.01800740677953
390 23541 0.414433618691509
391 3654 0.441137826070556
392 6251 -0.367174552279928
393 8204 -1.0023799957891
394 55160 0.373134939105761
395 119 -0.765322136021764
396 4747 -2.24406308414034
397 6596 -0.786951521784625
398 22906 0.657932549896144
399 26020 0.4692307171289
400 8672 -0.303446612305562
401 8766 -0.825985781629106
402 10531 -0.534378386347454
403 51755 0.233475338146164
404 64921 -0.926896393491705
405 11096 0.287077182974154
406 23051 0.502240259772103
407 79778 0.554064134457253
408 8668 -0.421875756265782
409 57175 0.3217013823251
410 57406 -0.370120155728012
411 7114 -0.388582369296582
412 65009 -1.20180314574888
413 25937 0.78044641718374
414 6873 -0.359082396761464
415 545 -0.748308370736563
416 26032 -0.365255004181765
417 56603 -1.06259241679
418 1848 -1.22511026230156
419 27242 -0.558909764818212
420 23173 -0.430349926655116
421 79591 0.318693907424549
422 4051 0.972259996490038
423 26017 -0.345839123884549
424 4345 -0.91408253921502
425 55617 -0.361398132278024
426 23231 -0.627174573203908
427 1350 -0.854721303664407
428 3600 0.238611624257822
429 8853 -0.631997913989556
430 6253 -0.485534280109132
431 5162 -0.731578262702271
432 3772 0.3322175990747
433 6468 0.521936382550843
434 54948 -0.423765989166901
435 23171 -0.508283392323065
436 2572 -0.77735093981553
437 7804 -0.448271206619316
438 664 -0.843257598922817
439 4701 -0.636758195251689
440 23673 -0.427943037206555
441 56606 0.315895731402175
442 23111 0.342097785285667
443 272 0.405558874530648
444 3691 0.887334717501642
445 26953 -0.677251423406878
446 26750 -0.535823658792658
447 6597 0.290378929387886
448 2890 -0.914632262208169
449 54674 -0.553901278036066
450 3012 0.301093053205924
451 79589 -0.558504532816062
452 84747 0.357688144764911
453 9760 -0.821798419683168
454 7102 -1.16965813998983
455 388650 -0.728323218877576
456 10178 -1.00395861408291
457 8604 -0.828051399202749
458 5754 0.369589812574753
459 63970 0.194935737528015
460 8553 -0.968014614151131
461 60314 -0.626528778363618
462 5257 -0.607792266568643
463 60676 0.334941175540462
464 10097 -0.966158370907257
465 136 -0.453994469100398
466 10762 -0.483631621635206
467 2150 0.277381929980341
468 29887 -1.25007609005497
469 10672 0.319132875081049
470 4907 -0.229482412659196
471 79982 -0.568277649921477
472 7347 -0.805632076788937
473 10900 -0.652594677978334
474 51382 -0.992944882784442
475 9365 -1.22958275160679
476 5731 0.407548179875517
477 253959 -0.362125212977658
478 7072 -0.354859095905696
479 3751 -0.952842897471803
480 956 -0.602470181102568
481 4485 0.307470565882347
482 3066 -0.480211537065616
483 5203 -0.240572336872994
484 6482 0.275175813319441
485 4851 0.422642420204795
486 8082 0.639571073822672
487 577 -0.969429879283099
488 6326 -0.546064214455176
489 10383 -0.91386051913441
490 23530 -0.668260746283246
491 2104 -0.689846023345889
492 8776 -0.492459940993641
493 56924 -0.464865991463201
494 81697 0.245648209606786
495 146712 0.287224784579841
496 4702 -0.620008607858315
497 9568 -1.14906923138414
498 57134 0.484228488273872
499 2034 -0.617580230336526
500 4722 -0.710278112700387
501 79890 0.683625729067865
502 1117 0.562894749724957
503 23017 -0.727259845227572
504 534 -1.4118842961557
505 10794 0.278626620939438
506 7201 0.197106657090213
507 6857 -1.54602733208507
508 23347 -0.317434666590453
509 4191 -0.613066822940918
510 80110 0.236197259666136
511 64854 -0.786077280971515
512 9871 -0.252156241979928
513 9696 0.37737789018991
514 169611 0.307024292607067
515 51440 -0.821155319728219
516 23046 -0.433350792998549
517 1796 0.313632558075194
518 3843 -0.402901969285899
519 29774 0.288771444476364
520 54894 0.337616107977774
521 26751 -0.32394790196348
522 23078 -0.350147543686342
523 25770 0.257241350242486
524 5575 -0.697686653660741
525 27094 0.392097011391532
526 8175 0.534894450988924
527 57030 -0.765249905370464
528 55267 0.31929177628584
529 60672 0.380968397474883
530 950 0.481840974041096
531 64793 0.307807484842054
532 6932 0.423232463075419
533 79053 -0.225078866921861
534 22891 -0.716694686180363
535 334 -0.472265001249973
536 2036 -0.469813574639655
537 10493 0.43321329524588
538 23705 -0.408097911416348
539 23097 0.629875365178513
540 1719 0.363190119029576
541 19 0.801699443209355
542 10633 -1.13529459936887
543 114884 -0.744775596122084
544 23256 -0.66600714136774
545 11094 0.338843437908084
546 10632 -0.626214549818189
547 6160 -0.588583517937211
548 6452 0.410144094521233
549 259217 -0.657099054755603
550 200734 -0.752339060017538
551 55244 1.030541671765
552 8085 0.384906406141166
553 5909 -0.55866946423254
554 53335 -0.849385490691105
555 9900 -0.797249159372216
556 460 -0.872337875547604
557 10485 -0.457998636250533
558 9801 -0.354756382178268
559 23215 0.346740805699931
560 29767 -0.249710519116529
561 6738 0.545120029900358
562 2335 -0.869316727993368
563 10681 -0.457504603479961
564 94081 -0.307020710932996
565 1293 0.641191943908249
566 6252 -1.60994410678865
567 2823 -0.813273012383426
568 2880 0.27366387518895
569 4792 0.981381844129142
570 1577 0.460998775639887
571 57415 -0.716091322851105
572 5981 0.276166425892432
573 9556 -0.879810157128615
574 1538 0.205847727915245
575 6678 1.02873720186384
576 5121 -1.1647047962957
577 79187 -0.417857443961918
578 55125 -0.494360718207893
579 22877 0.351078811289678
580 8823 0.300035581447
581 22878 -0.400716407499672
582 3720 0.416758163797719
583 3635 0.347542135312096
584 3431 0.300215268448663
585 11311 -0.240741361752929
586 306 -0.323019679882253
587 166 -0.533804481637361
588 26119 0.503738864897533
589 23270 -0.977025798332276
590 55547 0.248852371334254
591 22943 0.26696138320712
592 10300 -0.694133317720968
593 1238 0.361621964458051
594 2670 0.38171438656854
595 5198 -0.222408106026474
596 23230 -0.432077937192521
597 4296 0.527386403547428
598 2318 0.448463776902931
599 1936 0.589814484687613
600 81618 -0.665995231700023
601 9863 -0.399485454910259
602 8473 -0.508586522174225
603 51318 -0.391918411023479
604 3931 0.523973375396787
605 1285 0.225272976176876
606 2898 -0.406715069204189
607 54861 -0.76551908743431
608 7181 -0.664930107204276
609 5515 -1.19968828563309
610 1641 -0.521162238906372
611 26030 0.303211770308081
612 490 -1.09884870213853
613 79135 -0.676319568560364
614 64981 -0.576954543833409
615 60401 0.35288298720604
616 55689 -0.335938368476701
617 10821 0.411557859695834
618 6509 -0.732308964986792
619 5178 -0.716566539042363
620 27185 0.286684194716148
621 54898 -0.485420549902807
622 488 -1.14227347432998
623 219899 0.250414336581493
624 22895 -0.625117416058546
625 22936 0.369494739785343
626 5576 0.45161274388893
627 55015 -0.556114091396523
628 81576 0.345283666574978
629 53826 -0.739194734836047
630 27347 -0.634024152609022
631 3752 -0.574808031254814
632 8038 0.305433967766383
633 56945 -0.315064129617729
634 4983 0.580468535256124
635 6723 -0.484799347980013
636 64919 -0.888947845044879
637 6045 -0.360510612296719
638 10605 -0.924501946118739
639 9923 0.263632518054159
640 10023 0.382494266334577
641 7360 -1.0404113034174
642 6559 0.305308607473612
643 1540 -0.421494546950466
644 9546 0.455236445117113
645 55367 0.541724249197403
646 2643 -0.583820141020277
647 51701 -0.531544483328662
648 4705 -0.490282067961694
649 24140 -0.367310851863726
650 80740 0.293400152320614
651 23122 -0.847669738181957
652 23313 0.621184766559137
653 8930 -0.553876403468982
654 57711 -0.714340789588793
655 26994 -0.795525383198763
656 55856 -0.604970276956013
657 55038 0.186932420607609
658 4674 -1.42133214953186
659 54205 -0.930272789741082
660 1996 -0.963796025774773
661 23303 0.491243759606681
662 23013 0.457135360934475
663 2271 -0.699794976879486
664 10745 -0.358916379606518
665 4900 -0.826695334629784
666 6645 0.293512920273921
667 8543 -0.789203984771612
668 80777 -0.500476491458664
669 7073 0.243735246847344
670 23089 -1.011815156542
671 6844 -0.630274352321287
672 51741 0.441466269964582
673 8745 -0.883075052307716
674 84900 -0.374721102589126
675 5340 0.240939178376994
676 7504 -0.850102361616021
677 10237 -0.482178678755966
678 2940 0.45070356223545
679 9509 0.326552445151364
680 23286 0.412154436584429
681 6689 0.321288607346075
682 9413 0.568942224359061
683 10736 0.210069696907068
684 3007 0.218125440746563
685 1487 -0.310584246224119
686 374868 -0.627644572633318
687 10282 -0.377773600148954
688 10382 -0.647347391304859
689 1834 0.255800527429126
690 22872 -0.640692164379583
691 54961 0.421060742271599
692 10367 -0.39081135091249
693 11069 -0.564639846444112
694 79177 0.186887904364205
695 7482 0.330610575501953
696 2263 0.220054174217225
697 91807 0.323285445217246
698 5521 -0.733516731858256
699 2891 -0.729031347387222
700 5864 -0.696717176038364
701 50507 0.241759274437499
702 5355 0.371793433422002
703 23281 -0.421151970743668
704 7411 -0.653775881898843
705 4837 0.287679933995496
706 87 -0.562409874719071
707 9987 -0.508139318460852
708 10123 -0.733512459919538
709 9261 0.371470414069201
710 8513 0.239771659676143
711 55423 0.429686799174215
712 2026 -0.785899583213009
713 10766 1.21246648886125
714 5099 -0.352406383107716
715 8396 -0.26251765181714
716 9737 -1.03572467970969
717 54900 0.278602173081608
718 57103 -0.414783797721908
719 8941 -0.45987504748937
720 54622 -0.269870636982654
721 54769 -1.14688029428599
722 59342 -0.309598208652397
723 29796 -0.594197501160966
724 103910 -0.66702159203469
725 1312 0.375394114336428
726 7070 -0.711331620624632
727 26273 -0.959961972467321
728 1842 0.77923866447214
729 5978 0.360308458828099
730 4659 -0.740508216781358
731 5213 -0.863388067430391
732 29087 -0.570995827232459
733 10444 0.244911823900702
734 6204 0.650146774808059
735 23359 -0.88515111178684
736 343071 0.347882395624909
737 8395 -0.859133385484201
738 63875 -0.385930675482723
739 55676 0.346059209873908
740 8076 0.257764151305907
741 23670 -0.472106544162251
742 54868 0.401179610549647
743 8402 -0.573957657893562
744 7475 0.271900447731058
745 3696 0.237649782891504
746 27286 0.23573339260489
747 2597 -0.634790998691811
748 6776 0.30263542222179
749 80305 0.238196032517677
750 221692 -0.350092317016323
751 8843 0.178000296684233
752 10844 0.336879526154921
753 55827 -0.792237550050317
754 1756 -1.03756896782299
755 3690 0.34013063786259
756 353500 0.299504983747201
757 8945 0.242005766566751
758 54551 -0.332047389820382
759 28974 -0.23782244950686
760 23047 -0.59302247562893
761 10391 -0.360704694405246
762 2887 0.295611928664626
763 7881 -1.3072444751008
764 54517 -0.433722358454643
765 5080 0.585279588875862
766 23550 0.363702643879295
767 7026 -0.579398120115161
768 220594 -0.562870643740501
769 79649 0.216459717643311
770 7802 0.240053403453198
771 10362 0.53598141235347
772 9540 0.226053679026658
773 8621 0.248009078816303
774 2821 -0.954957110859056
775 343 0.275725535066874
776 93129 0.448427991688236
777 6867 0.356894060646488
778 79841 0.312238366833059
779 25790 0.188290116755724
780 9581 -0.933464078149024
781 22848 -1.10703419453431
782 5510 -0.633949789082562
783 50937 0.294118321468345
784 440073 -0.351404499262813
785 55640 0.243946902083858
786 18 -0.759240117463799
787 23057 -1.19815469325081
788 23580 0.484257618048868
789 57634 -0.259883117711277
790 6208 -0.421365450543691
791 5927 0.603574443156035
792 55294 -0.646506367301796
793 1244 0.25974578913156
794 10920 -0.605525226514615
795 23384 0.322172125807382
796 1292 0.763588128184045
797 9051 0.301318642025008
798 6934 0.589383332528593
799 2054 0.208304544042337
800 4616 0.242593248113833
801 51477 0.289617796347683
802 64446 0.279481632030194
803 7280 -1.18940081666878
804 6623 -0.483177546656279
805 3034 0.2670834976836
806 79443 0.392186316509217
807 11059 -0.316079338406598
808 1742 -0.470254010794861
809 10742 -0.278115370572857
810 5801 -0.482936442648034
811 196403 0.394672019328487
812 65084 -0.675355619000658
813 4976 -0.552785956651081
814 25862 0.296015309106918
815 27288 0.19018526316671
816 6812 -0.932854661332604
817 101927498 0.18464305238929
818 51380 -0.22958084056697
819 10682 0.275827838684731
820 51362 -0.422122189881263
821 2983 -1.00093075198125
822 7143 -0.286804086597732
823 1146 0.255651358045673
824 9019 0.28532793012846
825 7465 0.262576362680515
826 79007 -0.308504937159658
827 2760 0.2410622462966
828 9683 0.276283522623753
829 23031 -0.556873764759819
830 51776 0.283698947620243
831 8707 -0.783215092437429
832 1104 0.263160538188115
833 9753 0.212731478452989
834 2941 -0.714043787823488
835 2181 -0.693842793259168
836 5514 0.312789079776583
837 9293 0.331211527894981
838 4161 0.206186833605046
839 55859 -1.02558831589039
840 25840 0.502148655186962
841 3043 -1.41456159695724
842 55207 -0.593424689223914
843 23507 -1.11038133997576
844 6728 -0.733997580713968
845 4591 -0.76738473364
846 81888 0.254478273079918
847 5998 0.293133929411302
848 10587 0.22709992629234
849 2158 0.297091970767978
850 5931 -0.541731202045495
851 660 0.303086710624786
852 10154 0.313362512087315
853 23369 -0.30802835580921
854 221749 0.61335246183563
855 902 -0.929387679369727
856 65123 0.172902991098129
857 203068 -1.07440870575701
858 11075 -1.63903294674766
859 6169 -0.307453205084625
860 23658 0.330138882162565
861 901 -0.509598658507469
862 9592 0.428835744072575
863 7915 0.403412415047211
864 9910 -0.677057443978294
865 11004 0.306165505820695
866 758 -0.319425291997643
867 25873 -0.466047926805366
868 4830 -1.23187231973287
869 163 -0.49407955897896
870 55973 -0.355092792316231
871 55176 -0.456393812720718
872 55036 0.385379294277269
873 25796 0.521722284406696
874 3316 0.352776742905421
875 6355 0.18031589948778
876 1123 -1.08019945971455
877 8658 0.202046577428087
878 375056 -0.643951843611829
879 10486 -1.17126790282653
880 9890 -1.52852128208966
881 10136 0.308463865970109
882 25830 -0.688206302065852
883 159 -0.638215181398738
884 9899 -0.810863235001024
885 9648 -0.941606717749655
886 3429 -0.561041263300426
887 55028 0.213802896932026
888 23189 0.482945568795857
889 51227 -0.436515904981957
890 9685 -0.332916649411789
891 57171 0.295567811161487
892 8139 0.231453982175569
893 988 -0.406190134794822
894 23341 -0.448613094192621
895 60 -0.558239590644744
896 26206 0.267656560564044
897 23576 -0.425033067436296
898 10476 -0.848280218160752
899 6503 0.329802448818016
900 5788 0.224841243397897
901 64108 0.366670822915432
902 22974 0.368023853785484
903 9793 -0.282234758665677
904 54985 -0.26715342815289
905 55898 0.363508247315917
906 2281 -0.93617312352025
907 93594 -0.345907049873015
908 4547 0.248550012194269
909 64789 0.239320601348931
910 25941 -0.531726157254575
911 26038 -0.657439538622135
912 7572 0.395060232623719
913 463 0.39436694146624
914 6715 -1.09283463252651
915 10955 -0.818133396618966
916 10589 -0.573841903761248
917 8601 -0.679580693410048
918 4311 0.239074965038597
919 2949 0.738397830796922
920 3355 0.34273609729368
921 56943 -0.554364882038936
922 59 0.331314219137768
923 7695 0.384448179815804
924 55472 0.317629538695599
925 5414 0.560938739823803
926 10265 0.266178679568886
927 4790 0.281564075372992
928 10564 0.277384859396047
929 11222 -0.951749028971987
930 10657 0.26406122742991
931 6855 -0.724173571074315
932 54664 -0.547891325249473
933 517 -0.50837867621337
934 2987 -0.692396293127979
935 84162 -0.891159255923231
936 60436 0.279741815254352
937 55322 -0.737061709095878
938 6227 0.387412345120969
939 7799 0.354530726318447
940 55715 -0.31644490992388
941 22876 -0.991703549856041
942 23266 -0.688560031970798
943 6239 0.2729738346271
944 5138 -0.526061539189529
945 6894 -0.742001026062388
946 3295 -0.425898720234681
947 1496 -0.956077858859712
948 3237 0.203906582330842
949 10174 0.358129153664109
950 100996485 0.268110511538908
951 4259 -0.651573832928054
952 9898 0.335816673044312
953 79170 0.240835688298766
954 51409 0.405075024136911
955 7942 0.837028107620106
956 4709 -0.762584228481112
957 728558 0.225584261294083
958 55311 0.414472520266445
959 8924 -0.525622408865121
960 55958 -0.262340909629932
961 2258 -1.58027884359739
962 22986 -0.676413446568726
963 4719 -0.679689160004298
964 10225 0.195974865913276
965 2287 -0.576733107120959
966 3589 0.235681386749549
967 3093 -0.800684055422295
968 9645 -0.737547266909169
969 9378 -0.6768980144643
970 390999 0.254204794005934
971 5031 0.259132887610067
972 4942 -0.838944462011131
973 10479 -0.804788338805293
974 7259 -1.12045116760204
975 1289 0.32407717238693
976 25797 -0.88169607969694
977 5122 -1.15488055208842
978 54956 0.333518602153175
979 100506504 0.254579033728438
980 1062 0.32754261487604
981 100505534 0.243963071840918
982 23299 -0.606702067670026
983 26747 -0.229923744646835
984 10106 0.263198319305433
985 9454 0.609906841801033
986 471 -0.381668476503514
987 51366 -0.383056275702463
988 27075 -0.816309817187637
989 122704 0.395028856721089
990 5297 -0.928236571640058
991 8590 0.193924576994172
992 5745 0.306699500972473
993 29893 0.171076074640887
994 50489 0.238414575912793
995 55214 0.350248233341548
996 55153 -0.282711382865569
997 9946 -0.551632133364129
998 10284 -0.6564452043667
999 4112 0.162015011768399
1000 7253 0.185164930181705
1001 84060 0.374797475716907
1002 2122 0.353617525769788
1003 9519 -0.809222621398911
1004 9791 -0.438217213972733
1005 8799 -0.726070135395771
1006 8629 0.261371591382408
1007 54210 0.258730511806887
1008 11012 0.287595085824028
1009 324 -0.471817452875262
1010 1347 -0.645429231219032
1011 23568 0.318518905147168
1012 633 0.49330845564958
1013 5872 0.625089673467601
1014 4582 0.371194394008378
1015 2712 0.281277206455625
1016 10647 0.450968721439673
1017 79679 0.235460447093106
1018 5930 0.427492977989295
1019 54955 -0.270180995821723
1020 3156 -0.777739326821371
1021 6310 -0.371036273423352
1022 80006 -0.630737170407276
1023 283927 0.291472868062112
1024 3782 0.722342691486721
1025 23285 -0.745073939868599
1026 965 0.219675589885746
1027 23328 0.474034397065072
1028 8454 -0.681174016718438
1029 1548 0.289413371650656
1030 4199 -0.50610714688912
1031 57761 0.352754070316711
1032 26628 0.264249450327626
1033 4869 0.256854773080607
1034 2688 0.212356458299824
1035 55854 -1.04093199380219
1036 5917 -0.476804773060743
1037 9953 0.185414645521075
1038 5861 -0.425403989754766
1039 3560 0.225926557451689
1040 1953 0.283052155229652
1041 57828 0.250948174034511
1042 4729 -0.731715159606866
1043 5919 0.468049775346401
1044 3842 0.83199834588271
1045 9338 -0.67732628228696
1046 11100 0.304415161566624
1047 6819 0.299193085009581
1048 1565 0.329676001732877
1049 2000 0.25400669620819
1050 11085 0.239547401310925
1051 5740 0.271985329626219
1052 83442 -0.356163372697221
1053 4750 0.300792623726698
1054 261734 -0.273909907540959
1055 3916 0.42249274675409
1056 1282 -0.73832400622291
1057 6543 -0.387495324447341
1058 3754 -0.598650617234482
1059 23543 -0.382703756058625
1060 84560 0.221596817381049
1061 101926913 0.227620703756781
1062 6616 -1.21340351235713
1063 6506 -0.403332912044136
1064 7485 -0.674380385075406
1065 9978 -0.547761908266255
1066 55387 0.22360767920432
1067 23335 -0.710629870024523
1068 7220 -0.721831423259615
1069 160313 0.249561794824459
1070 6370 0.421153501635432
1071 51592 -0.390319228982891
1072 1894 -0.367056622735792
1073 5074 0.225122670537721
1074 7013 -0.34655462917766
1075 53616 -0.803544243113049
1076 8556 0.206216744833354
1077 826 -0.532689482977696
1078 9313 0.205899618604736
1079 652 0.365594318413062
1080 80781 0.509238797834261
1081 846 0.262156688564256
1082 4647 0.282525233257478
1083 1559 0.301429557447899
1084 64787 0.299890551676875
1085 3964 -0.557913413919347
1086 55651 -0.300228847507343
1087 55631 -0.887927742936082
1088 6430 -0.488812494503726
1089 5590 -0.40297977146842
1090 1555 0.249099182051216
1091 5792 0.424830142527778
1092 55113 0.229757164335522
1093 55041 -0.6749737691235
1094 55699 -0.478194041169512
1095 4233 -1.03312025737112
1096 8638 0.351941921694625
1097 54796 0.417761577198565
1098 79136 0.211813276608726
1099 27159 0.304024459037522
1100 6732 -0.400026283107801
1101 3451 0.294043846796317
1102 6929 0.440300175812775
1103 60481 0.303442253244363
1104 27128 0.261039430005559
1105 2524 0.263663822675349
1106 100289518 0.304012327475607
1107 56143 0.210006442545004
1108 79667 -0.348297554816195
1109 3590 0.221862984312845
1110 3730 -0.720028465448713
1111 5618 0.25392139505482
1112 117 0.168235053147032
1113 6565 -0.752048598320033
1114 54665 -0.584711568934084
1115 1036 -0.742357948415858
1116 27072 -0.404127301991835
1117 3908 0.271533479376197
1118 8564 0.246841698389275
1119 29102 -0.322138486448784
1120 1620 -0.717269112070761
1121 10376 -0.637891345195461
1122 11009 0.288603826906467
1123 784 -0.433353818186838
1124 6611 -0.829132849069759
1125 509 -0.957107255684777
1126 55800 -1.10117878923531
1127 1523 0.525258278244559
1128 5009 0.44713988792348
1129 6522 0.414876781218672
1130 4488 0.186017029093671
1131 27345 0.334840593908488
1132 539 -0.886169490661675
1133 3785 -0.775557523442151
1134 6444 0.415814685401804
1135 56163 0.17417792891036
1136 56889 -0.426290718926711
1137 91977 0.340933000653893
1138 80258 0.321391007867041
1139 4015 0.283083250932735
1140 10989 -0.608450085875515
1141 51292 -0.395632452548266
1142 23429 0.618867202272542
1143 390616 -0.404520717914318
1144 8864 0.189836365440911
1145 6906 0.242553168805898
1146 10217 0.38322554144314
1147 638 0.263359039139155
1148 79807 0.233907684623058
1149 23396 -0.333202204920905
1150 1048 0.342710944598993
1151 90011 0.282567909875908
1152 4598 0.193758799718266
1153 9844 -0.366150047430217
1154 5690 -0.611955185625976
1155 5141 -0.381535935879622
1156 4595 0.375180100541843
1157 546 -0.543904583633262
1158 6712 -0.435191329950264
1159 54830 0.162781548842846
1160 3221 0.198248039170772
1161 84525 -1.1509666134669
1162 4694 -0.59244771877702
1163 1889 0.463804491563369
1164 5079 0.250723855624106
1165 100130958 0.229413513560708
1166 2494 0.202308958465338
1167 22883 -0.42109932672057
1168 7381 -0.360969610755485
1169 4286 0.404618008863809
1170 64761 0.64330757643415
1171 2767 0.173147787846396
1172 5243 -0.355707841800336
1173 7818 -0.36509654236897
1174 29127 -0.348009351833829
1175 4763 -0.655819681067577
1176 11060 0.234937082616701
1177 89797 0.539432680680255
1178 28985 -0.910104687655226
1179 2571 -1.22704377936386
1180 81285 0.267703892409194
1181 80028 -0.363727127894551
1182 79760 0.296108778829521
1183 29018 0.295798703559511
1184 10915 -0.77134332478453
1185 27034 -0.435987441022718
1186 10005 -0.257547759089436
1187 1349 -0.757525690825053
1188 1738 -0.852501749231045
1189 776 -0.525764776619
1190 23350 -0.25479223599991
1191 23612 0.370662441096967
1192 23650 0.207318814862719
1193 9465 -0.41608622522094
1194 10483 -0.397437688244176
1195 6924 0.300957214587168
1196 55669 -0.446033985337841
1197 6095 0.189941344796009
1198 10630 0.222093499804405
1199 23158 -1.16658481778644
1200 6817 -0.34479918612613
1201 10658 0.296778576310798
1202 221395 -0.430456879058546
1203 27067 -0.550864448368056
1204 79867 0.287753576626547
1205 5066 -0.9810624141569
1206 11212 -0.567372337045791
1207 5003 0.202489214923792
1208 64844 -0.299741502543561
1209 11247 -0.249813734579897
1210 9969 0.246270801250715
1211 7384 -0.702532818788304
1212 55245 -0.301523780471834
1213 56288 0.207302159727258
1214 23415 0.27385578945522
1215 514 -0.545398927173823
1216 54970 0.232357850735464
1217 2308 0.34534534288751
1218 5078 0.31858732098852
1219 22902 -0.789347648693067
1220 4990 0.242569796714461
1221 5167 0.286179763661017
1222 6005 0.284963292978892
1223 34 -0.394356145874831
1224 7273 0.327891585235606
1225 9099 0.249127975407686
1226 5602 -0.779670286509313
1227 3547 0.245071874566674
1228 5076 0.253693354587355
1229 5236 -0.458706958332699
1230 4920 0.185899096753176
1231 5420 -0.454997078896383
1232 4711 -0.81835915411465
1233 8507 -1.05424423235499
1234 8935 -0.417141533977698
1235 11314 0.22746997489226
1236 346157 0.198081973575797
1237 23547 0.348150601795464
1238 146542 0.441652999127257
1239 9294 0.3132824137078
1240 5155 0.264039545757074
1241 2182 -0.676456025647309
1242 60684 -0.311672295454986
1243 65985 -0.500813220311309
1244 8655 -0.965925672095796
1245 84928 0.318021856811471
1246 4583 0.368110021450785
1247 54476 0.295466999826386
1248 55568 0.412381616176309
1249 9474 -0.433015008120261
1250 1360 0.375694687639064
1251 54212 -0.385491300060143
1252 9013 0.37763512181137
1253 64121 0.255853106779522
1254 1113 -0.581981752659166
1255 538 0.38441655716538
1256 23531 -0.942157240089346
1257 10149 0.398577453532434
1258 9630 -0.355374857871413
1259 253980 -0.477013823930125
1260 283212 0.314410486260348
1261 284266 0.318698601304443
1262 310 -0.843058916130603
1263 9874 -0.767676842398176
1264 23186 -0.450820933843357
1265 26999 -0.711501480754395
1266 55082 -0.735747337433506
1267 27063 0.302554675426361
1268 84656 -0.415741398984121
1269 6898 0.201863291775989
1270 711 0.415751241660886
1271 54910 0.379387761444979
1272 10579 -0.527446960310959
1273 57151 0.234590149342197
1274 58985 0.280271278475615
1275 6839 0.254538420814379
1276 5144 0.25652466654412
1277 7205 0.263880181829777
1278 1841 0.289517258344858
1279 66036 -0.537249946732262
1280 1234 0.31407428643178
1281 1435 0.269490963224603
1282 8778 0.26247078019261
1283 51438 0.212998112281278
1284 3251 -1.27536883084076
1285 85360 0.333589296271175
1286 5591 -0.719400793142021
1287 328 -0.360659407845263
1288 253143 0.216744096025165
1289 7551 0.272645752162429
1290 9746 -0.385374714290504
1291 53905 0.27938805711589
1292 26037 -0.613111828003118
1293 7124 0.231151339921869
1294 23271 -0.397274881257657
1295 22911 -0.800114437714734
1296 10826 0.278084296336858
1297 8669 -0.480784591635169
1298 55786 -0.287763112147023
1299 23059 -0.267343473760651
1300 10497 -0.240694646153523
1301 55273 -0.241643530626136
1302 348995 0.386190451104397
1303 26207 0.387595938895956
1304 55227 0.535909066530151
1305 98 -0.678162896411899
1306 4760 -0.773624608792795
1307 7726 0.32224323917212
1308 7738 -0.737273047451348
1309 6416 -0.895268548804824
1310 3274 0.237312930669058
1311 3710 -0.233230966040691
1312 56271 -1.03334633002381
1313 59340 0.225227847791032
1314 140465 -0.396181425056534
1315 515 -1.06160668627046
1316 26651 0.246420055759004
1317 11346 0.28188548220664
1318 10160 -0.412208754939119
1319 643376 0.427134960075654
1320 57326 0.516121711740695
1321 2744 -1.11746722509559
1322 4068 0.207199751231772
1323 54681 -0.439196773598159
1324 1009 -0.71989067545532
1325 1737 -0.402603109482691
1326 54813 0.324578480674991
1327 2828 0.281590704628691
1328 31 -0.241542594822292
1329 3839 -0.594408564665182
1330 56904 -0.601185558650547
1331 5435 -0.276996729032247
1332 57476 -0.42824737639955
1333 10962 -1.02948435360423
1334 312 0.311844618855332
1335 23142 -0.456292088498358
1336 23015 -0.800124790300664
1337 5921 -0.584684494399074
1338 9394 0.236707430874691
1339 79622 -0.432788553724419
1340 8324 0.340693677660906
1341 529 -0.70001316840656
1342 7283 -0.551963881595918
1343 64848 -0.715585818286101
1344 3932 0.292461599613181
1345 10730 0.256915350044501
1346 25777 0.42036139275527
1347 4190 -1.4021502294877
1348 9135 0.305508870614455
1349 1977 -0.702284587716053
1350 65998 -0.349052703888145
1351 27020 -1.30130068054126
1352 7105 0.615008186713838
1353 55152 0.422077070751904
1354 2913 -0.324635386144015
1355 2888 -0.618677070747476
1356 6663 0.533829063585625
1357 2553 0.205002417968852
1358 864 0.264032475924019
1359 8019 0.560051488962284
1360 57124 0.285191276626883
1361 51081 -0.40878490809948
1362 55966 0.256332994258673
1363 7098 0.195436848960709
1364 1237 0.29864743876777
1365 4698 -1.21817659108254
1366 4317 0.238269168845346
1367 5223 -0.652568737839816
1368 1107 -0.32963336196365
1369 2304 0.228992536041443
1370 7216 -0.466153181339533
1371 115939 0.335860750248174
1372 51606 -1.08982946677294
1373 6440 0.321527556761837
1374 4436 -0.447095180503195
1375 5127 -0.389879367359412
1376 6497 0.256569334795212
1377 8936 -1.0464310730199
1378 60487 -0.613603602344904
1379 57826 -0.297957894493126
1380 220965 0.270082631804974
1381 2491 0.209009435971777
1382 10450 0.284101592732781
1383 22839 -0.425660707740451
1384 55412 0.255934700629381
1385 317762 0.184569502753968
1386 10326 0.202366819202201
1387 8408 -0.230964731770051
1388 1576 0.332644253902672
1389 51031 -0.760098640780424
1390 339479 -0.471862269337968
1391 79160 0.272962701424073
1392 4281 0.580145845459787
1393 101927610 0.274565133916687
1394 734 0.276632804442113
1395 64772 0.292817219394564
1396 23383 0.243670907434312
1397 2029 -0.677998193424864
1398 3371 0.839397924875303
1399 23511 0.234477218321287
1400 6804 -0.513633260428079
1401 7414 0.179290416374267
1402 5156 0.257199729862108
1403 6750 -1.35971291774539
1404 3725 0.270794409356454
1405 90634 -0.572308484155434
1406 3669 0.356821804245386
1407 23436 0.285467917715275
1408 3779 0.327821839268941
1409 2651 0.204833160988206
1410 9749 0.450046994746339
1411 6457 0.268971620079999
1412 23363 0.256755712490824
1413 54845 0.235005369690525
1414 91 -0.298878069956121
1415 124565 0.40512958280482
1416 27147 0.321417333165377
1417 7037 -0.744837614509407
1418 10566 0.293536213187245
1419 6909 0.248968067426331
1420 23641 -0.52418383322815
1421 2747 -0.691362877285672
1422 4707 -0.552083972395977
1423 8851 -0.864394499172304
1424 56967 -0.44815570444243
1425 6908 -0.206302692866005
1426 23037 -0.593482021951468
1427 8500 0.304548912821038
1428 10721 0.369184400436902
1429 1495 0.278134782712273
1430 22822 -0.452057626014785
1431 54149 0.406325059173889
1432 2805 -0.8425167358837
1433 9103 0.248088398927094
1434 5910 -0.652617221806235
1435 8287 -0.504178838960344
1436 4683 -0.590158757503247
1437 8549 0.238982905187
1438 7135 0.196413672804385
1439 6035 0.17596853584867
1440 128 -0.798174580616609
1441 4482 -0.39717699855168
1442 5601 -0.746297762331446
1443 347733 -0.649537656668583
1444 1378 0.253403628597837
1445 10586 0.219705510684425
1446 7263 0.4023275256987
1447 1781 -0.370311941842134
1448 3268 0.220223101875395
1449 80778 0.321923733183387
1450 29967 -0.56308165348533
1451 2134 -0.280653758630767
1452 4848 0.520578749075499
1453 29842 0.251505952761421
1454 100129528 0.253356960974995
1455 63876 0.260289373187423
1456 26239 0.199539605040226
1457 23595 -0.547940138721153
1458 56905 0.304422646580618
1459 51270 0.378920922186657
1460 10610 0.355038868048132
1461 9901 0.244976743339206
1462 3514 0.25024366692459
1463 114897 0.254256170346468
1464 25903 0.309490325613934
1465 4337 0.20195822545548
1466 1644 0.157957086447696
1467 1131 -0.427482790171173
1468 56130 0.299842158089241
1469 4034 0.306526308567129
1470 2813 0.287592539376536
1471 89853 0.480297648266379
1472 80741 0.302851349233016
1473 10936 0.247803863260229
1474 28972 -0.820564888099971
1475 10078 0.256039429924298
1476 64769 -0.712060329882488
1477 8428 -0.429581927853636
1478 1497 0.272756507512135
1479 5494 0.203740956957414
1480 375057 -0.565363338874096
1481 3131 -0.936129431232083
1482 10214 0.277965154671254
1483 6641 0.253332742126573
1484 6500 -0.410537438819441
1485 5345 0.245311002309042
1486 55139 0.467222295029313
1487 5134 -0.624230066274525
1488 27018 -0.571236667122644
1489 7404 0.207531426333748
1490 9988 -0.279241736262257
1491 11077 0.334673836674252
1492 78996 0.275424230028361
1493 7415 -0.572019764179779
1494 2209 0.184663528685698
1495 3276 -0.518526505670989
1496 1031 0.549469448126339
1497 1910 -0.848606063264584
1498 5339 0.237554011957973
1499 1345 -0.868284755290876
1500 412 -0.637021061608477
1501 5862 0.383256233333401
1502 56950 -0.612804872883992
1503 10045 0.206253960573279
1504 9917 -0.403488217134563
1505 8803 -1.06631985988352
1506 710 0.413095235242704
1507 22893 0.187273007304122
1508 8140 0.445587105258273
1509 3581 0.21821932064097
1510 6434 0.172744846153275
1511 1066 0.267577773358562
1512 1908 0.199702193862354
1513 6424 0.223382697311605
1514 4338 -0.649145477113441
1515 2958 -0.390912673737705
1516 8760 -0.492242442489866
1517 23592 -0.275901985384617
1518 23362 -0.636776525030262
1519 892 -0.736965683099563
1520 22836 0.471125732759027
1521 4158 0.227716516531864
1522 3662 0.22172863734581
1523 835 0.190775869667196
1524 7905 -0.479487371663752
1525 10733 0.201206206072366
1526 81035 0.491962567580579
1527 79852 0.21958454492796
1528 6633 -0.417368722379775
1529 8445 -0.223043691058848
1530 57818 0.260402773460726
1531 80204 -0.527272682509243
1532 9725 0.392133184106962
1533 55745 -0.651051488538558
1534 10272 0.308788454575432
1535 6573 0.422786384280278
1536 7341 -0.482321019808058
1537 9399 -0.380840496434391
1538 124152 0.377648579609885
1539 10687 -1.260941165338
1540 7479 0.294925883201774
1541 2768 0.372540881777855
1542 1002 0.313105042695129
1543 7275 0.229325851706863
1544 5440 -0.436868814434964
1545 80267 -0.326734759729177
1546 23175 0.41391882224208
1547 9968 0.221822168721093
1548 26762 0.183858108284907
1549 26050 -0.811538650014177
1550 4897 -0.502632017010043
1551 23349 -0.528312697238479
1552 2885 -0.273423971322752
1553 4641 0.484709063845733
1554 29946 0.291028644174213
1555 117178 -0.371252977421834
1556 64240 0.244792369554807
1557 1615 -0.710000352514307
1558 9331 -0.710555978916346
1559 54870 -0.216343471679338
1560 79415 0.387636312316672
1561 1896 0.352810972528237
1562 4853 0.274868634892119
1563 51761 -0.653783884779058
1564 7917 -0.447742275652381
1565 3707 0.737272857852162
1566 7132 0.437093107588505
1567 10112 0.251248640850116
1568 3831 0.610199176666537
1569 9583 -0.527716182399906
1570 22861 0.186716522783919
1571 5538 -0.409692153220476
1572 3604 0.242794481050226
1573 3978 0.276058062190812
1574 4862 -0.414544861647878
1575 2596 -1.37332430675148
1576 23168 -0.281797354810016
1577 11126 0.2757865518813
1578 9329 0.267496041195026
1579 3948 0.195361138196398
1580 8867 -1.16746985351156
1581 1869 0.27574333377606
1582 25940 -0.452685832156438
1583 5439 -0.316121023112945
1584 6453 0.44865678347723
1585 23452 0.191893872610184
1586 26094 0.24795110708692
1587 55022 -0.777453315498501
1588 2911 0.214247188271798
1589 1394 0.232707432987294
1590 1356 0.150180389433997
1591 10342 0.284787065629604
1592 11107 0.237997464695488
1593 55183 0.203236852786947
1594 1399 0.22032138321775
1595 27069 -1.14551663277121
1596 140885 -0.480711811796166
1597 3973 0.205396068749391
1598 64083 -0.488792627047528
1599 3797 -0.577468949195318
1600 8787 0.219006867220768
1601 55288 -0.60061100889884
1602 23603 -0.448785758082712
1603 57007 0.562475278494095
1604 3929 0.389188095632961
1605 287 -0.597720224333111
1606 5605 0.177812541904034
1607 5504 -0.954223772480036
1608 2301 0.157770186389671
1609 6447 -1.10644986724732
1610 23405 0.21501360098351
1611 10475 0.231582655960903
1612 26118 -0.678758837475375
1613 6595 -0.756444375202745
1614 4241 0.276126247602035
1615 26253 0.207876261791175
1616 7754 -0.91723275037626
1617 7141 0.275769101514803
1618 23428 0.293961056953454
1619 8450 0.171936455674387
1620 4481 0.292065268618236
1621 5858 0.314628070734615
1622 7850 0.239026375166442
1623 5284 0.251170706623316
1624 57194 0.222495006514237
1625 22854 0.335308297206989
1626 3897 -0.691409553892996
1627 55763 -0.494728695113707
1628 10221 -0.433544884110909
1629 23400 -0.603960912038903
1630 8548 -0.256771857209171
1631 9710 0.34939223513826
1632 65005 -0.355700722440837
1633 8838 0.350662565946837
1634 80007 -0.392260234759115
1635 4661 0.220186691315009
1636 952 0.242291509935299
1637 64221 0.324098895184996
1638 2897 -0.434392453564633
1639 3866 0.184221366426085
1640 11129 0.487991634762588
1641 8929 0.255930213164574
1642 79038 -0.683706735963152
1643 23016 -0.364729835816918
1644 9158 -0.499204798660178
1645 9555 -0.45732415734062
1646 51155 -0.442477050955843
1647 79444 0.304601748246555
1648 3983 0.256656580552467
1649 23506 -0.358351003176823
1650 27335 -0.389919252055057
1651 51340 -0.576360879115271
1652 6901 0.262999469488888
1653 89874 0.207223012325905
1654 59272 0.146799359249079
1655 7432 -0.28308946572363
1656 9110 -0.529825781272498
1657 3215 0.222967966344048
1658 1460 -0.450189356529728
1659 55846 0.251171713323582
1660 9142 -0.457930417913527
1661 54941 0.371513325805839
1662 4776 0.415323943027385
1663 84302 -0.529888433660706
1664 55074 -0.940870831695185
1665 22989 0.238039430208235
1666 23312 -1.07269864941228
1667 3912 -0.216933041033007
1668 3770 0.296679601231082
1669 90233 0.184454808389928
1670 25802 0.472573621876303
1671 5411 -0.436707925717448
1672 54968 -0.886201908005269
1673 2099 0.163924199954001
1674 23729 0.188847193795518
1675 4117 0.257558290816577
1676 5634 -0.441235516292402
1677 83449 0.249195489105218
1678 50813 -0.417117836312349
1679 7849 0.21112197133963
1680 11334 -0.181941124498246
1681 8888 0.188947009113853
1682 100505933 0.33885571648022
1683 78997 -0.235253240801609
1684 1374 0.202578127578484
1685 4677 -0.424962344732723
1686 2001 0.377419749855314
1687 1508 -0.434879796105054
1688 22899 0.2156804345292
1689 51471 0.191630862403577
1690 29789 -0.553658858605596
1691 23081 -0.253191906431462
1692 10495 0.361739623174302
1693 9804 -0.876479844152394
1694 55930 0.30697850831369
1695 27252 0.283224078749104
1696 1558 0.280087650123858
1697 23526 0.458954015587918
1698 5550 -0.245902077962227
1699 974 0.288519584731818
1700 51179 0.200409343485264
1701 79701 0.236980131742719
1702 10542 -0.516433333871327
1703 6594 -0.617048649756349
1704 4232 -0.838350548557775
1705 23177 -0.525821518251425
1706 3804 0.236118752787523
1707 885 -1.09423155332636
1708 958 0.224697192458024
1709 353514 0.210324635660836
1710 6863 -1.62061306399033
1711 8825 0.202262140978925
1712 23708 -0.688288760284554
1713 55701 0.416640104356768
1714 6128 -0.447378019225145
1715 79825 0.338445522495422
1716 23336 0.444688455422586
1717 23300 -0.742841551139485
1718 4111 0.15893496562847
1719 285231 0.59653080035301
1720 3421 -0.737424724919426
1721 56475 -0.315054249064694
1722 8718 0.258499684952187
1723 9777 -0.242228899911405
1724 2170 -0.512055693316389
1725 11079 0.327445059766237
1726 2239 0.284617928813056
1727 79594 0.19558322241503
1728 64377 -0.506222131003945
1729 57551 0.55823213674943
1730 25854 0.632643751994189
1731 4710 -0.726853058444252
1732 55466 0.211400638922315
1733 4675 -1.06349574475869
1734 7001 -0.618769995742424
1735 5451 0.37232987239745
1736 80739 0.206391825470248
1737 4247 -0.374849506686631
1738 528 -0.595109402750136
1739 5691 -0.570913729709697
1740 9980 0.187946708433032
1741 8471 0.23233360766303
1742 25776 0.270019734391903
1743 125 0.19259292418414
1744 3356 -0.681113806615399
1745 7857 -1.06074581199966
1746 2707 0.306236655874216
1747 90586 0.192907135754117
1748 8844 0.190132466945828
1749 6432 -0.566347008989607
1750 10527 -0.573731109788278
1751 51208 0.287055777452098
1752 9673 -0.263707065227182
1753 23345 -0.44914798096802
1754 549 -0.653992237208181
1755 30849 -0.57015043803208
1756 100996492 -1.01062334619946
1757 28232 0.575722757204651
1758 8195 -0.599616462236939
1759 9145 -0.37268994628538
1760 147339 0.274418514555402
1761 8034 0.470642171101595
1762 5519 0.391014677589204
1763 4899 0.214341065901918
1764 10882 0.260469129624435
1765 2953 0.291893582870764
1766 23095 -0.380276763574239
1767 7180 0.190095557178419
1768 51763 0.15764450803652
1769 55754 -0.821058099145529
1770 51412 -0.464137918737889
1771 55175 0.327498137888051
1772 57148 -0.425751127934566
1773 3206 0.256297480575002
1774 1997 0.216662026476508
1775 11215 -0.843391938012884
1776 389677 0.365776595665339
1777 113419 0.27952001356363
1778 645644 0.361655214495724
1779 26998 0.156880370598568
1780 10247 -0.684969452220266
1781 23080 -0.788125211220314
1782 10171 0.195696017295536
1783 10749 0.393724609886548
1784 2109 -0.303308765084431
1785 9296 -0.404714580261118
1786 22979 0.338031854563265
1787 23476 0.240962510565753
1788 8479 0.26032982412957
1789 10202 0.246063541987455
1790 5467 0.292222515542065
1791 58478 -0.422403424273881
1792 894 -0.852052447566411
1793 55023 0.271348086120984
1794 552889 -0.265190896915433
1795 3643 0.602796389108095
1796 5083 0.293875299930671
1797 79946 0.295555244741413
1798 7840 0.414037019906078
1799 3570 0.235999620579307
1800 9039 -0.462418326083804
1801 79726 0.29366694044538
1802 716 0.657725372718097
1803 1179 0.247368728541374
1804 5529 -0.500117412627275
1805 5111 -0.454516667831124
1806 4654 0.251884319058808
1807 55554 0.178261387471124
1808 2575 0.286119818095061
1809 80114 0.27623040678735
1810 3706 -0.632981889755559
1811 115653 0.204874246639346
1812 1024 -0.353995776420862
1813 6426 0.233915016218074
1814 6733 -0.57741690408332
1815 339 0.227482994898672
1816 9215 -0.355170044587828
1817 23116 -0.644886487110397
1818 682 -0.89382774230281
1819 9500 -0.771641240992151
1820 4189 -0.630302158850046
1821 9407 0.227770775477792
1822 9467 -0.414209618858328
1823 4301 0.232598041823775
1824 55592 0.292021261421707
1825 653 0.217944785655392
1826 2264 0.187406223810956
1827 1281 0.171648228955392
1828 9097 -0.429840849951654
1829 7704 0.530882514504482
1830 6259 0.243970928045462
1831 81553 -0.65803277166231
1832 10052 0.253516188778529
1833 10013 0.150502425184088
1834 9223 0.338008258423011
1835 9792 0.255794562963447
1836 5409 0.283287814679948
1837 8303 -0.534029074749201
1838 9687 0.183035730265384
1839 9892 -1.17214829126093
1840 10603 0.567066623877698
1841 79931 0.190541435517601
1842 4026 0.420699826585906
1843 10663 0.274995877394584
1844 1291 0.258689918745183
1845 5613 0.501483537986115
1846 203197 -0.728655300615661
1847 1813 0.177998824216123
1848 51272 0.177132222259145
1849 6731 -0.430529936325144
1850 55585 -0.410565008973929
1851 7020 0.300527779237507
1852 1305 0.189948153654295
1853 23398 -0.425408496519496
1854 1175 -0.426874804869955
1855 5329 0.182957667238375
1856 11165 -0.236266570628368
1857 51400 -0.265226291512345
1858 613 -0.610861790837141
1859 23539 0.208528990195276
1860 9783 0.178952694216917
1861 1653 -0.659833465505832
1862 6474 0.265488987925711
1863 55215 0.2304940063132
1864 79691 -0.23608020608921
1865 7342 -0.504099347706621
1866 3508 0.16247716603735
1867 1999 0.232170324993556
1868 9231 0.238519121142074
1869 56851 -0.76777118888335
1870 10636 -0.375310851415874
1871 57144 -0.66035164101545
1872 4927 0.353594244581664
1873 80765 0.275062162654527
1874 26057 -0.479996036812486
1875 6585 -0.632735294195077
1876 8434 0.427334531275498
1877 83658 -0.455443660453234
1878 2020 0.285899251000949
1879 9443 -0.254971273010772
1880 55314 0.702491650563286
1881 800 0.359265148193118
1882 740 -0.259416727091313
1883 11211 0.232853118523525
1884 11329 -0.38948722122842
1885 2057 0.207760344811749
1886 321 -0.455529162815628
1887 54507 0.253416156841925
1888 4800 0.218986381992205
1889 83941 -0.385211219558876
1890 50848 0.229364366628939
1891 6921 -0.855784117013615
1892 51560 -0.445142435353157
1893 60385 0.255160025283725
1894 6392 -0.360449281186579
1895 81887 0.430045427470812
1896 2986 0.230650705428707
1897 55024 0.202878381333309
1898 27292 -0.370160997687148
1899 28831 0.234028393925884
1900 1457 -0.224466898577686
1901 140803 0.237449673738673
1902 23137 0.263582880141361
1903 54820 0.715435971876492
1904 4708 -0.645911299362327
1905 8687 0.314182467017682
1906 6709 0.384227077411548
1907 3142 0.263765439691121
1908 6615 0.248139849122091
1909 1401 0.137955166762674
1910 100169750 0.431028562801037
1911 25898 -0.61168525846207
1912 5139 0.232588802420271
1913 80345 0.248621680468627
1914 10190 -0.649204193589275
1915 7525 0.252102338613841
1916 100132923 0.169242266042111
1917 79815 0.290852854333031
1918 10864 0.1645075084587
1919 55813 -0.270010622813184
1920 84986 0.311578180613099
1921 3014 0.253610668209965
1922 1593 0.346596631527346
1923 54914 -0.663499076720415
1924 405 0.306460236639509
1925 9688 -0.279149842185275
1926 64400 -0.469289617171423
1927 5326 0.214383242963998
1928 6364 0.205439210809045
1929 7045 0.506585445305397
1930 7716 0.439668644735549
1931 11214 0.296394544911933
1932 3350 0.284568602219009
1933 51195 -0.329673175389873
1934 1633 -0.668040699131316
1935 6785 -0.563415712179715
1936 8615 -0.535622234973876
1937 4978 -1.07850934683937
1938 100129361 -0.609849720783692
1939 11261 -0.750925975487118
1940 6014 -0.585002221454931
1941 433 0.305168942105609
1942 4066 0.350029822444201
1943 55860 -0.737378836671128
1944 6990 -0.844818324824418
1945 2926 0.273950959962397
1946 4477 0.175107584551845
1947 51233 0.198749197362115
1948 80342 0.298954387323069
1949 9823 -0.645598079221871
1950 93349 0.202744607601184
1951 5367 0.238469896641723
1952 304 0.330754992226085
1953 284904 0.244458949038134
1954 93973 0.162988611309348
1955 590 -0.373043285271288
1956 11322 0.56764661358021
1957 55020 0.296252057303586
1958 187 0.747878429099307
1959 60496 -1.08511829058998
1960 11316 0.250620267726688
1961 6813 0.286154719593256
1962 23034 0.220951197044069
1963 7392 0.315960300903669
1964 55707 0.387050766407999
1965 783 -0.474051720161146
1966 115290 0.28965094418215
1967 10094 -0.728575154225286
1968 5349 0.186778512614743
1969 7385 -1.13219581810195
1970 55559 0.489268778893961
1971 6451 -0.441674865687797
1972 7049 0.57394292738999
1973 79012 -0.499869404510251
1974 11213 0.246672326336339
1975 101928104 0.213894287261216
1976 57180 -1.03840901546752
1977 6305 -0.392203329437727
1978 3223 0.183579981280691
1979 79370 0.236622395958999
1980 4921 0.377383243949398
1981 6442 0.265752996204666
1982 8614 0.350380447251501
1983 9666 -0.300151076072113
1984 51719 -0.69821774253246
1985 56984 -0.32446139058229
1986 26150 0.204758132705947
1987 5306 -0.426659385615881
1988 25977 -0.844390200592605
1989 6604 -0.376910081056284
1990 3280 0.222793699812846
1991 2916 0.231910140168123
1992 9649 -0.279749888943121
1993 81566 -0.384443757104752
1994 60484 0.593675690725033
1995 5695 -0.579856530056432
1996 9508 -0.29667856295021
1997 8337 0.232922571374908
1998 1032 -0.428593517077744
1999 7582 0.279381055223634
2000 9816 0.198282797467884
2001 55879 0.230637704318438
2002 3400 0.600030848911079
2003 55260 0.177352525534706
2004 3169 0.168031421135382
2005 1656 0.365090463843673
2006 8731 -0.32992002048246
2007 10499 -0.594503118911964
2008 11027 0.252265134458089
2009 10501 -0.251948298458776
2010 2176 0.226019030541005
2011 5532 -0.821329896806551
2012 23446 0.672177468526253
2013 23504 -0.762544219055347
2014 1103 0.305004041853505
2015 54726 0.152415380325809
2016 2149 0.177470257966066
2017 6642 0.315111507169517
2018 4824 0.212455574793058
2019 9188 0.266876670291702
2020 22859 -0.304320523828121
2021 1520 0.269947735007358
2022 4139 -0.298314634596951
2023 1138 0.315872348048194
2024 55298 0.190777681401888
2025 55643 -0.435014588605455
2026 6041 0.268873631369238
2027 4946 -1.01862721446655
2028 7456 0.243634550258177
2029 4828 0.456446437045574
2030 5371 0.275195950437467
2031 2838 0.257394552109619
2032 23099 0.240180987397554
2033 946 0.286695627570213
2034 196441 -0.34749866104023
2035 4168 -0.30699619083318
2036 10671 -0.627532002890292
2037 6693 0.40853240656257
2038 55660 0.301601098087938
2039 149111 -0.704079823179666
2040 23538 0.249104747955175
2041 3860 0.187160300366796
2042 57369 0.289835822961273
2043 11017 -0.414700870799766
2044 4601 0.383667178910704
2045 23135 0.267402235077914
2046 9444 0.406881096577854
2047 23114 0.828529915381193
2048 8202 0.267269014768837
2049 7046 0.224107927380781
2050 26128 -0.917252385177701
2051 5019 -0.715249773010888
2052 64078 0.266884448507942
2053 92482 -0.266786954442043
2054 26168 0.220581959703044
2055 375449 0.209872501902462
2056 51466 -0.394201955635287
2057 147657 0.179451427272364
2058 10274 0.285369933678699
2059 29844 -0.310786348652627
2060 23014 -0.502075741656435
2061 54879 0.184434568046819
2062 79958 0.371321713715556
2063 81839 0.184626466532638
2064 92154 0.228735513075184
2065 51341 -0.268366316905484
2066 51384 0.283917008636377
2067 7204 0.223450227158112
2068 27032 -0.361491699826203
2069 23062 0.269199865965752
2070 55350 0.235242343548087
2071 81689 -0.680597137079819
2072 55332 0.266368083448075
2073 5671 0.189565000192344
2074 725 0.313782974651891
2075 23125 -0.254205092292337
2076 23683 0.232315811541822
2077 132 -0.437125698628614
2078 4145 -0.377828086177307
2079 253725 -0.352791104117522
2080 23654 0.281711479725475
2081 2157 -0.478443570568919
2082 79966 0.569064614700368
2083 498 -0.754279578908404
2084 55 0.201878354880502
2085 2967 0.486462668024044
2086 79095 0.20154013069441
2087 4353 0.197304416630337
2088 55612 0.45076678894188
2089 7422 -0.839485238854516
2090 6530 0.222781817206241
2091 51517 0.282689174004377
2092 768 0.361359191317966
2093 55184 -0.220457940623583
2094 9957 0.247724139404481
2095 25806 0.256553805724501
2096 1161 0.21941795177961
2097 6165 -0.417680564249538
2098 4697 -0.867938711942319
2099 4994 0.20866893609725
2100 100131510 0.237290301046921
2101 7529 -0.676837816358953
2102 11237 0.353374572624934
2103 9148 -0.332329898852557
2104 10447 -1.02395324752646
2105 6456 -0.955839864213594
2106 9276 -0.328644573896725
2107 9016 -0.273383472151947
2108 6563 0.998337011079276
2109 3918 0.223629964810535
2110 2140 0.276428547128989
2111 51226 0.265083143823678
2112 130 0.142799917613243
2113 9921 -0.26193407983977
2114 10810 -0.323610288491901
2115 101 0.179972554789401
2116 2701 0.207769204369156
2117 57664 0.304669305831126
2118 51506 -0.4538218131901
2119 9704 0.181891075042143
2120 23596 -0.67066768383116
2121 23534 0.313185626481205
2122 23190 -0.433128324347234
2123 7050 0.535562221980855
2124 2334 0.195113207902056
2125 9167 -0.437716881538957
2126 438 0.204021775367133
2127 6741 -0.491155162291459
2128 2683 0.357918648301212
2129 191585 0.332848466707057
2130 8618 -0.392116994609709
2131 93487 0.27113762284727
2132 1773 0.178643849525155
2133 57669 0.304037196613433
2134 51035 0.207658144748215
2135 11030 0.324690246574654
2136 23503 0.185243961018255
2137 8406 0.68156575646714
2138 60681 0.291242304317858
2139 57038 0.171483451554061
2140 2554 -0.651705546054712
2141 9654 0.215241951306841
2142 6155 -0.234321194599143
2143 8522 0.209049289553428
2144 2803 0.447020634157793
2145 4695 -0.498907293988799
2146 1182 -0.313968317329843
2147 6782 -0.713113156096158
2148 64975 0.246654427966282
2149 51265 0.217537274209883
2150 1158 0.218023438004725
2151 921 0.211535532493363
2152 2631 -0.612532155566482
2153 8562 -0.376931624591829
2154 2561 0.277365445119461
2155 23635 -0.328751782990236
2156 79155 0.44097049366423
2157 1861 -0.267374400596451
2158 9896 -0.234185054228901
2159 26532 0.352488374762499
2160 126 0.163506531874776
2161 4820 0.2939609783509
2162 6439 0.346574540114564
2163 9562 -0.35498494292404
2164 4090 0.165455324358773
2165 4969 0.128173642395629
2166 23241 0.461004415157669
2167 3817 0.28938779354219
2168 23309 -0.33599358205054
2169 10492 -0.875020942547529
2170 3084 -0.35463676948288
2171 10044 0.242165733747339
2172 889 -0.641048519408683
2173 317648 0.166456571390008
2174 506 -0.806299548510616
2175 10923 -0.70039819343987
2176 2100 0.216855205582037
2177 6683 -0.304825337487705
2178 11039 0.565244550311429
2179 3577 0.147927921757767
2180 80013 -0.28576845912456
2181 6249 -0.475118305602856
2182 2719 0.223396609268141
2183 755 0.347834439213078
2184 1488 0.492429935960065
2185 79624 -0.820578628105958
2186 64785 0.134165324725125
2187 5298 0.166979947855005
2188 22871 -0.457879770054579
2189 5430 0.16809645901454
2190 157567 -0.875168500678599
2191 4992 0.180891054405447
2192 599 -0.324915330447251
2193 2743 -1.17461067261729
2194 634 0.300655444793765
2195 2981 0.214840178547086
2196 327 -0.24936549834228
2197 7042 0.367084183682509
2198 51324 0.285837026812599
2199 79768 -0.285056182061846
2200 6490 0.191971562777653
2201 114882 -0.631511529422491
2202 1278 0.16655921173103
2203 4811 0.218619463905301
2204 3113 0.391804665169294
2205 5725 0.318943968766443
2206 54897 0.204679582165012
2207 5757 0.341002978480379
2208 65258 0.236869407038986
2209 9341 0.340467243117049
2210 9690 -0.427568619591109
2211 2810 0.385251572636141
2212 51141 -0.513635641317242
2213 58487 0.22710610596166
2214 8602 0.285374700730658
2215 8398 0.239437071796015
2216 5230 -1.00430759675271
2217 1760 0.304592849254522
2218 10975 -0.41784291302392
2219 2306 0.144330931678572
2220 2619 0.321281742530121
2221 54462 -0.444019898209774
2222 6541 0.273734408551475
2223 101929073 0.243106381885835
2224 55619 0.269778015263905
2225 27303 0.316444382083321
2226 4170 0.244524192089082
2227 1984 -1.063641435748
2228 4200 -0.480026994482223
2229 7462 0.287934275736822
2230 414 0.227057649970369
2231 1639 -0.293056197204566
2232 5873 0.337343873673462
2233 79004 -0.273054355951052
2234 55505 -0.652904625102721
2235 79731 -0.265012122725253
2236 26707 0.23811471386374
2237 60488 -0.433284929945883
2238 10580 0.343512635121707
2239 8545 0.286716277566038
2240 2151 0.200784874020345
2241 55359 -0.501255799350904
2242 916 0.284592429439154
2243 54832 0.198877237443053
2244 3852 0.32731266997516
2245 9201 -1.07981581566744
2246 27445 -0.85436593373149
2247 49855 -0.404620768061005
2248 10230 0.186377047739774
2249 54207 0.295006305957479
2250 55037 -0.289144354060356
2251 64431 -0.796144538945722
2252 55832 -0.493319238743022
2253 23351 0.302732097057448
2254 1606 -0.224754312499276
2255 4879 0.208602774287838
2256 64784 0.228743415068527
2257 444 0.176484407833228
2258 2835 0.231764920858383
2259 51714 -0.828514471716469
2260 8552 0.17232463050339
2261 4593 0.376030455894774
2262 2286 -0.258154033557245
2263 10884 -0.36305466108753
2264 10293 0.200041702112634
2265 9857 0.720538740122611
2266 1365 0.256143573261272
2267 79836 0.303639642668702
2268 10314 -0.509022675889108
2269 23272 0.436014489983599
2270 84861 -0.186032135663668
2271 8174 0.337774237217011
2272 10472 -0.676238913684161
2273 23433 0.308492565829943
2274 23141 0.182330934328265
2275 57016 0.235574386920261
2276 10439 -0.793389301629547
2277 10944 -0.585437495359569
2278 50810 -0.426935931605373
2279 51634 0.258204571334388
2280 60682 -0.734360606298499
2281 80762 -0.951730522249967
2282 2624 0.237839683285253
2283 10935 0.201227609849438
2284 29883 -0.461467705015961
2285 10924 -0.406847659586464
2286 23546 0.264592074874211
2287 831 0.158832959497732
2288 23598 0.2057621251858
2289 6263 -0.539009883924605
2290 26523 0.209318191736454
2291 8609 0.273717796518257
2292 1890 0.184309681306505
2293 79713 0.29196531980064
2294 11343 -0.375162290706198
2295 57292 0.316545645813247
2296 9166 -0.545654877085157
2297 26509 0.179371213192083
2298 57515 -0.815211832003504
2299 6872 0.205672152364259
2300 6247 0.185545873419007
2301 9882 -0.315171628581645
2302 85375 0.255967093128828
2303 388714 0.231443215477003
2304 3781 -0.894252449508841
2305 27112 0.25760113486285
2306 51030 -0.409049689015637
2307 5990 0.200612259948568
2308 23609 0.247617324068127
2309 4634 0.216627719260217
2310 587 0.293287821677983
2311 79016 -0.760818384897673
2312 56648 0.195232750818975
2313 6538 0.184418567891149
2314 6049 -0.890857635761027
2315 79092 0.294224073373019
2316 284119 0.210574211023531
2317 3419 -0.378072917864097
2318 9107 -0.479686526721236
2319 140597 -0.483421183102031
2320 2634 0.408040818974959
2321 9425 0.182715305657993
2322 152185 0.195121101749332
2323 596 0.410365682885137
2324 79864 0.163080674284407
2325 23463 -0.215441694382039
2326 9576 0.233863731530662
2327 5985 -0.334444164327446
2328 389177 0.313350322177806
2329 29086 -0.42487389592281
2330 2526 0.269465482546501
2331 2692 0.280073442875884
2332 55771 0.592987270274967
2333 23354 0.242127326051762
2334 30814 0.246159932764803
2335 11226 0.695935777933106
2336 5333 0.28034975845085
2337 5686 -0.394070269320816
2338 2776 -0.385008123975192
2339 1909 0.236843331848557
2340 6789 0.165282164397605
2341 5128 -0.498456546318694
2342 5239 0.222257245184027
2343 4215 0.273903642677092
2344 6674 0.242637185851809
2345 25915 -0.332550920716212
2346 4093 0.275622124005189
2347 26173 0.190405084897651
2348 6742 -0.933872250745528
2349 3606 0.175421995795844
2350 5565 0.315223378038746
2351 30845 -0.460636615075918
2352 1118 0.201298150419585
2353 63917 -0.598964106461741
2354 4905 -1.1625277382361
2355 8780 0.538111195724316
2356 8887 -0.274180596947909
2357 6002 0.318247164775463
2358 11015 0.25940048283124
2359 9521 -0.636399942821553
2360 22980 0.274401008328107
2361 9652 -0.346186460004777
2362 150 0.217252794645731
2363 52 -0.537817296552815
2364 6651 0.333497505374538
2365 9227 0.138333400286613
2366 54809 0.195404944888067
2367 6229 -0.376030570195722
2368 51309 -0.562198432047135
2369 811 -0.382972147131452
2370 2639 0.244385603048383
2371 2580 0.386720991572957
2372 83450 0.204200522341733
2373 219654 0.586808111567899
2374 4016 0.213823985676384
2375 79814 0.307671935621181
2376 84033 0.212512484441584
2377 23093 0.213283646094473
2378 11170 0.30747116194763
2379 9722 -0.335295747360183
2380 51540 0.266132887289337
2381 9518 0.219075276096204
2382 64410 0.230847608393951
2383 5305 0.40296493861583
2384 6588 0.256209370775271
2385 478 -1.38820495421195
2386 65988 0.268336038849999
2387 7416 -1.07040764405695
2388 745 0.177766663338453
2389 9547 -0.980249803958825
2390 57830 0.206744749578816
2391 25842 -0.525438974065889
2392 79939 0.533272787355278
2393 1746 -0.1728179640977
2394 79974 0.189381768421433
2395 6599 0.24180148118961
2396 1063 0.192005899536495
2397 124222 0.401525368760162
2398 2733 0.178705919272863
2399 158471 -0.337573160939133
2400 57863 -0.212648683351606
2401 79595 -0.234835778627734
2402 25837 -0.419551107066471
2403 8359 0.178946946269436
2404 23150 0.168629512875619
2405 8497 -0.449094861851817
2406 3326 -0.825845177650473
2407 10243 -0.381513088363937
2408 101928278 0.275136273691499
2409 8050 -0.478812256884456
2410 3727 0.263573719331223
2411 55315 0.287720209481361
2412 5350 0.163737943175737
2413 6861 -0.671919552795708
2414 51118 -0.25204868263789
2415 1783 0.233408909350361
2416 9550 -0.528716422442651
2417 9686 0.660837836072633
2418 55968 -0.308419778175237
2419 3219 0.196908466982075
2420 65220 0.22801763049293
2421 29081 -0.542540045992516
2422 2529 0.212811959113453
2423 1795 -0.642865432917564
2424 8481 0.342101261245784
2425 3024 0.282046826670386
2426 5450 0.231905471519622
2427 4140 -0.273806108920974
2428 79802 0.263337609632988
2429 80052 0.249018675940449
2430 7862 0.326563100699131
2431 9862 0.238962943524004
2432 7289 0.489908514672091
2433 4712 -0.632088099444887
2434 2065 0.259650686600474
2435 79892 0.178167771829975
2436 55556 0.362941515464371
2437 101928378 0.249970116183827
2438 90338 0.649306709643453
2439 3775 -0.634071989523092
2440 9436 0.254614068108507
2441 27074 0.405042912700528
2442 8927 -0.60092687159028
2443 185 0.180316279220824
2444 9908 -0.984506208508559
2445 759 0.233690145155451
2446 7200 0.201642600467935
2447 5573 -0.959748197707803
2448 4713 -0.489830926265319
2449 100128329 0.285114268786288
2450 100129271 0.173605483905988
2451 2843 0.260561787546514
2452 1630 0.233605089012876
2453 522 -0.804822335200067
2454 7703 0.2229078781803
2455 2066 -0.230024370624628
2456 7693 0.168353417808196
2457 5887 -0.706716879766214
2458 10246 0.204692238991114
2459 23077 -0.45976863995269
2460 5095 -0.254752993846479
2461 64219 -0.531519915779077
2462 23608 -0.756435828596264
2463 3985 0.373916646866726
2464 23370 0.24214956440672
2465 55691 0.459103102147196
2466 5256 0.285057691022348
2467 6360 0.252365306088851
2468 10096 -0.929883359016078
2469 80213 -0.726856235915189
2470 8647 0.230273127726261
2471 79017 -0.27183275066227
2472 1135 0.246857650505715
2473 23633 0.154332267086136
2474 7222 0.215439340715991
2475 1186 0.280357774313262
2476 23474 -0.199975811905156
2477 10916 -0.312871833782542
2478 865 0.214915887697637
2479 8840 0.289431331859205
2480 1810 0.200444920199961
2481 4201 -0.214163772589474
2482 2782 -0.372106613225698
2483 114625 0.267391651428
2484 1978 0.370446061877645
2485 63901 0.317542084117495
2486 8242 0.233724741955434
2487 9962 -0.362774109539151
2488 8630 -0.243067421755447
2489 1880 0.256720170361879
2490 51052 0.398098699901978
2491 81870 0.182834326701032
2492 667 0.301323617981204
2493 64100 0.252068357921511
2494 23216 0.224119881864778
2495 23035 -0.348503780691854
2496 4143 0.210029894878785
2497 56833 0.360267395371784
2498 55893 0.440872950201628
2499 1004 -0.3084912210802
2500 55325 -0.375578079781149
2501 126070 0.19228608970145
2502 4125 0.365595556511007
2503 23613 0.30221479165312
2504 57185 0.216964597360313
2505 79153 0.212176537304388
2506 51619 0.285013121151675
2507 5889 -0.494736549920482
2508 25775 0.174973501713172
2509 54436 0.456993052795846
2510 145678 0.247939356706657
2511 23648 -0.303276269026869
2512 862 -0.409736590912178
2513 1588 0.229003338424355
2514 1016 -0.518525769099171
2515 79109 -0.225361728870668
2516 79968 0.183836059822055
2517 4888 0.326084420881931
2518 6694 0.164924393881627
2519 3192 0.196940737104882
2520 2583 -0.262376909970309
2521 23264 0.576683311586191
2522 2017 0.559360111024622
2523 3224 0.327140429875911
2524 83446 0.275875801821096
2525 899 0.22499076533319
2526 27339 -0.300022842426572
2527 4000 0.328176217574574
2528 6891 0.21254654753327
2529 54939 0.272524628391096
2530 50807 -0.43647756946607
2531 23542 -0.283619005642509
2532 10466 -0.234553372338795
2533 6672 0.269493798350576
2534 10121 -0.519355583932954
2535 100505741 0.171721612495404
2536 221078 0.325566489488552
2537 7187 -0.478418562231177
2538 441666 0.164027030369174
2539 23334 0.265263818775975
2540 5001 -0.501064178555757
2541 7326 -0.696221452846096
2542 1513 0.181677648181299
2543 55268 0.28008693468542
2544 10905 -0.346074710306233
2545 3077 0.192591716458222
2546 51314 0.195640661751162
2547 79792 0.225214434477136
2548 9045 -0.167486050706966
2549 10765 -0.276206936705793
2550 56244 0.344975449046748
2551 26575 -0.319841815923848
2552 5506 0.227500128774007
2553 79006 0.581844819902031
2554 1822 0.322257010953113
2555 358 0.886198183654255
2556 2060 -0.615670934276464
2557 5989 0.182496688636731
2558 9513 -0.211585825424537
2559 4916 -0.446134747624534
2560 1142 0.277019035692446
2561 6403 0.253940009388207
2562 54875 0.186545405948108
2563 23120 0.421075111719991
2564 7709 0.189525660329989
2565 23091 0.205540430241633
2566 2162 0.325472327298804
2567 79096 -0.284136416661831
2568 3537 0.181984120199754
2569 1856 0.258112967509015
2570 60559 -0.323589693233009
2571 351 -0.451847364992791
2572 2742 0.281546166261853
2573 3006 0.514623397067191
2574 1134 0.216499404364784
2575 9736 0.364515864293725
2576 9456 -0.621485662869435
2577 83786 0.174128148884489
2578 80212 -0.373514396341911
2579 100506190 0.161072229913954
2580 65989 0.149578321342295
2581 64130 -0.435922881853331
2582 7101 -0.29055933099049
2583 7319 -0.404277428477235
2584 9718 0.221503516539009
2585 10213 -0.590131753688684
2586 2475 -0.220403534013945
2587 5286 -0.473022446339327
2588 51329 -0.288633685871208
2589 5303 0.268699852053076
2590 51666 0.2128360807511
2591 140462 0.228087296594839
2592 9056 0.274961914726742
2593 5716 -0.535562868228034
2594 9187 0.291543677878269
2595 80022 0.428690239973859
2596 7247 -0.379154974562277
2597 2004 0.262822530417422
2598 3608 -0.517283207446109
2599 11131 0.153612110696931
2600 3516 0.438492021516822
2601 9577 -0.239217381634578
2602 9689 -0.45825235007632
2603 7991 -0.275093276908393
2604 23201 -0.287366886602754
2605 2330 0.264627438880042
2606 54905 0.220517738082657
2607 1178 0.176241121573708
2608 94104 0.176404387883823
2609 9731 0.244911553646506
2610 5803 -0.563349859133941
2611 220077 0.180451654043827
2612 10260 -0.304467982416213
2613 10644 0.529400952801343
2614 23247 0.300890026258571
2615 3884 0.225196985352683
2616 167227 -0.41535616612423
2617 57019 -0.253832847980735
2618 302 0.406260147680273
2619 1211 0.245626977856996
2620 10893 0.194594739975448
2621 11166 0.350131075080639
2622 57403 -0.514697882262804
2623 11189 -0.356883491175217
2624 2197 -0.264640045265736
2625 10236 -0.469227568004232
2626 8877 0.267241565988138
2627 80868 0.180543985969204
2628 26047 -0.637044534788536
2629 722 0.182221349233079
2630 9703 -0.292399140274253
2631 154754 0.206446120685478
2632 27340 0.195841851251341
2633 92086 0.265165816026697
2634 9217 0.207208703069717
2635 4925 -0.220105370517418
2636 9366 0.15787539975341
2637 3805 0.240827581743835
2638 7533 -1.21634316777144
2639 5029 0.200362982431222
2640 22870 0.207400552523584
2641 23464 -0.207015108875349
2642 1284 -0.263538622450477
2643 9643 -0.554994070266135
2644 11043 0.204866275655441
2645 6152 -0.423067753396307
2646 51303 -0.331977852372621
2647 3778 0.184737967325437
2648 9376 0.257376688822356
2649 8914 0.308884474845652
2650 2079 -0.287083133518097
2651 7345 -1.03345403785841
2652 204851 0.297552560996434
2653 51083 0.188834422606447
2654 26499 0.217882005277488
2655 518 -1.00354892374977
2656 442421 0.243610444112204
2657 26097 0.209746533623261
2658 10109 -0.643844566634268
2659 6415 -0.516431698850406
2660 54535 0.20482611020941
2661 10451 -0.176358416766158
2662 5316 0.170384493290955
2663 7048 0.255215193885238
2664 23063 0.221141535478976
2665 9122 0.136433395258506
2666 11099 0.166825802109985
2667 5110 -1.11077585474969
2668 56996 0.272197514355967
2669 51510 -0.663039713690425
2670 250 0.280889899125635
2671 6556 0.357595660087036
2672 25825 0.30688357514263
2673 8360 0.266055232727887
2674 30827 0.307416572158575
2675 10390 -0.42376055025223
2676 171017 0.164588898886532
2677 57152 0.228893605007809
2678 25949 0.241552547208444
2679 3665 0.623802532048023
2680 3603 0.294243833045904
2681 10320 0.25368940063505
2682 55009 0.245924847338702
2683 6569 0.265413545826523
2684 5888 0.151782210936271
2685 55295 -0.306002034028075
2686 8508 -0.189807800583354
2687 3718 0.1835349235921
2688 1287 0.434405094971125
2689 22920 -0.971918070393949
2690 8435 0.255544384875193
2691 9616 -0.401275116694958
2692 23132 0.286158629800096
2693 10686 0.239834364165779
2694 7866 0.19581388495082
2695 3452 0.323220471796341
2696 23229 -0.710841010050538
2697 23154 -0.627056498595429
2698 2261 0.496115891461409
2699 11174 0.147244362822095
2700 51019 -0.359289645509095
2701 4603 0.283889806130981
2702 224 0.277056849955406
2703 23012 -0.246081817234532
2704 51214 0.22940586309611
2705 54778 -0.438343391048083
2706 23176 0.311516417395228
2707 51533 0.224766302876604
2708 11171 -0.501763009039726
2709 29999 0.243846246596553
2710 6659 -0.323997520139545
2711 7517 0.260463403875249
2712 22864 -0.209251753537623
2713 6647 -0.760841902455388
2714 3338 0.282411798657343
2715 3376 -0.672099809320747
2716 11274 0.21766757422274
2717 79157 0.394670925934006
2718 55130 0.239848592286106
2719 1870 0.192383663416101
2720 5617 0.255509226650523
2721 9317 0.248599244822233
2722 3460 -0.229189136880489
2723 4939 0.217504646389406
2724 50618 -0.280730827795358
2725 11224 -0.477370847534516
2726 2889 0.192941496111428
2727 3082 0.226519684855974
2728 5900 0.57917686726919
2729 56957 0.20055596703878
2730 79639 0.184278269439285
2731 84172 0.514732296495844
2732 8314 -0.218965508522665
2733 658 0.330989316720968
2734 51135 0.154606952698514
2735 387751 0.17713316062147
2736 27285 0.199326661479516
2737 240 0.244255319991453
2738 56659 0.132163733626157
2739 29954 0.2197963875867
2740 10098 0.241421105358291
2741 22881 -0.419426479798611
2742 23096 -0.236152239344572
2743 9375 -0.846346193190086
2744 58189 -0.407932539177751
2745 79627 0.45776047921253
2746 9693 -0.577348618432241
2747 80094 0.2425221648638
2748 4782 0.285420995632209
2749 116372 -0.607557916936178
2750 10818 0.219621807992765
2751 54503 -0.254671872225178
2752 20 0.153606447792268
2753 9612 0.292224994605533
2754 23499 -0.565823247136988
2755 7257 -0.787944433485378
2756 9077 -0.262387503480334
2757 905 -0.378332337799581
2758 1725 -0.396506119782439
2759 10440 -0.652541770116358
2760 10047 0.254312394056382
2761 1579 0.24215495017381
2762 9282 -0.293340982451137
2763 5154 0.197950507682767
2764 669 -0.316790805792506
2765 2222 0.367994752339177
2766 9326 -0.660126339124779
2767 26052 -0.305726452630365
2768 30817 0.191690603956209
2769 746 -0.329407530638781
2770 274 0.338845784860464
2771 8453 -0.317950086673506
2772 6201 -0.47777638684626
2773 60491 -0.403135187109715
2774 6688 0.289137384012461
2775 11221 0.224867705952751
2776 5204 -0.435350563335872
2777 26251 0.314667402433553
2778 2901 0.203761519445033
2779 10980 -0.345742325336431
2780 23140 0.201883434834868
2781 103752589 0.456021929519827
2782 8354 0.190998157540042
2783 5866 0.256130930569026
2784 55338 0.297010033399808
2785 646282 0.218740910104576
2786 8646 -0.254485823408334
2787 2917 -0.272843216176588
2788 22820 -0.465882639062338
2789 23549 0.216515555170761
2790 6904 0.183275026006906
2791 10590 0.823180533961023
2792 1583 0.247627764122999
2793 23348 -0.493601041293761
2794 10425 0.234683791998638
2795 155060 0.214775728888961
2796 6009 -0.625069848666438
2797 1137 0.182087272258766
2798 9314 0.234367379231549
2799 1359 0.270682740245809
2800 10062 0.198827145391432
2801 10421 0.222538113797839
2802 79168 0.18141561381799
2803 10987 -0.460859120192657
2804 4644 0.138274889228339
2805 7039 0.215879735776781
2806 6422 0.237368004918856
2807 3448 0.266398981149648
2808 84272 -0.217301875997599
2809 53358 -0.450663353600693
2810 7106 0.142127957766531
2811 3796 -0.473009692808283
2812 7249 -0.344232541498517
2813 27130 0.167148343207168
2814 3965 0.249572073841843
2815 23274 0.21889831582923
2816 3052 -0.565058153574216
2817 5094 0.251303189153051
2818 439 -0.577319380464925
2819 23315 0.226547019624512
2820 4988 0.317428676592566
2821 29780 0.146075117953446
2822 28965 0.178344082018145
2823 4929 -0.365528142007873
2824 56106 0.27826286622883
2825 668 0.134146911719788
2826 9829 -0.617086621473971
2827 55739 -0.354957875423882
2828 2200 0.204373089055196
2829 8030 -0.47665373131548
2830 9853 -0.158162612168699
2831 6919 -0.513250115210737
2832 5026 -0.25651448339509
2833 107 -0.652550034129012
2834 4313 0.29342255023248
2835 84790 -0.532116910287044
2836 5407 0.274463935732563
2837 9869 0.147975630188239
2838 481 -0.573097309250665
2839 51290 -0.498688474438832
2840 10529 0.274790141073407
2841 3687 0.366660921038635
2842 6793 0.217413442100842
2843 26297 -0.150147125757654
2844 27290 0.251072568155413
2845 247 0.346619444601314
2846 8706 -0.544014800402199
2847 8879 0.308040758324864
2848 7148 0.204394214131443
2849 5770 0.253544914722598
2850 4607 0.23496136414097
2851 11235 -0.491013758092319
2852 23228 -0.541826984066053
2853 10110 0.181568630481526
2854 6627 -0.447183191614148
2855 810 0.171250852816671
2856 51371 -0.590229711028242
2857 51548 0.204009738849462
2858 64067 0.346638907384047
2859 953 0.144421098895596
2860 23048 0.323266008849188
2861 57827 0.224343899316492
2862 378 -0.719475475971768
2863 7988 0.154001377910871
2864 9063 -0.257396758725087
2865 6734 -0.311616667969783
2866 6620 -0.800853784986574
2867 1288 0.279073412082448
2868 6664 -0.436928640935005
2869 57787 -0.472191443378895
2870 7301 -0.271796783851853
2871 10606 0.174681797569559
2872 5594 -0.787035678927044
2873 8427 0.177593159070764
2874 9842 0.246748017408727
2875 23305 -0.418572711296004
2876 23259 -0.431472613394813
2877 1434 -0.577580419864399
2878 10211 -0.202694013734062
2879 5317 0.260695704516311
2880 2077 0.281902189362783
2881 23306 0.158503593945925
2882 55102 -0.363375931510699
2883 2990 0.320069510216762
2884 3597 0.35522643580917
2885 8856 0.171458601156943
2886 64374 0.204485634848648
2887 5271 0.195927662643284
2888 93643 0.404662179563051
2889 79884 -0.346507634726174
2890 388969 0.257399108657674
2891 51176 0.156346831774391
2892 4589 0.209129132347077
2893 2201 0.185588426088131
2894 64129 0.303278206469403
2895 8529 0.183476800139246
2896 1122 0.183337385716982
2897 84612 0.202987887341399
2898 7490 0.194621699747428
2899 8813 -0.679038095800993
2900 10463 -0.637323930736567
2901 8932 0.228159687401718
2902 10204 -0.288446910143294
2903 23327 -0.487969856582552
2904 57107 0.251812664099272
2905 79886 -0.216827020006341
2906 10694 -0.897161306445616
2907 23564 0.302188146001479
2908 11156 -0.248427465091566
2909 4147 0.573186326616843
2910 10004 0.170126169370416
2911 10994 0.212767411962274
2912 3890 0.187637528281653
2913 9698 -0.466936554068315
2914 7419 -0.317814639153044
2915 64866 0.23317322520962
2916 7753 0.175062825131972
2917 6992 -0.192999408707484
2918 5357 0.189222764833336
2919 10100 0.139824438696365
2920 6237 0.197672001099617
2921 10669 -0.296729081505371
2922 51054 0.18625707087453
2923 3981 -0.365794152526412
2924 3652 0.377079197945934
2925 26189 0.234605121312465
2926 1534 0.22553779985881
2927 10200 -0.271491668281662
2928 4917 0.164119524098752
2929 2549 0.332497333715134
2930 54847 -0.367285311783304
2931 54798 0.199046478102469
2932 23732 -0.832488191808658
2933 169522 0.149765557897971
2934 80179 0.253454916633043
2935 1757 0.198938256298085
2936 5915 0.239189393257328
2937 25844 -0.291789044344657
2938 8491 -0.60443274335708
2939 9267 0.368352594329806
2940 3105 -0.233559763665564
2941 6770 -0.158600740448939
2942 7518 0.149037140564273
2943 9867 -0.784281569931258
2944 1493 0.343096679919075
2945 29088 -0.579730253335669
2946 10629 0.167318869590206
2947 8506 -0.266832176590617
2948 10228 0.232347150069609
2949 11196 -0.355758292585958
2950 5250 -0.619686658797788
2951 3184 -0.423044037954292
2952 51079 -0.685897095211189
2953 23326 0.332475900704618
2954 11232 0.187278246274997
2955 9506 0.214994670456212
2956 54860 0.250162664139442
2957 11228 0.178383106277039
2958 23389 0.239644469032087
2959 3557 0.222339508382536
2960 6662 0.418181718831237
2961 81873 -0.489307470745164
2962 10025 0.227258933454661
2963 5289 0.282783433650537
2964 79628 0.465000475376977
2965 3910 0.216810717872648
2966 3700 0.262627461941473
2967 7412 0.549340588248055
2968 63891 -0.15207784939511
2969 4801 -0.29836711456329
2970 66002 0.343657982625506
2971 54474 0.19907015835838
2972 79797 0.234077854300717
2973 4299 0.479481922105263
2974 55287 0.209456077284536
2975 9557 0.257826203751338
2976 57498 -0.668850564138832
2977 202 0.17234669214009
2978 5524 -0.332789705682985
2979 79098 0.222921516613114
2980 1629 0.521511626362472
2981 10786 0.261930878343848
2982 7153 0.124471610690536
2983 3441 0.333982370256337
2984 9942 0.145054135997151
2985 56886 0.158300760782656
2986 51363 -0.399785596749409
2987 27165 -0.488879036856174
2988 376267 -0.457146797115854
2989 2322 0.204526081747493
2990 116986 -0.315831485340237
2991 126298 -0.14783208948922
2992 4629 0.280262716651856
2993 55506 0.196950514038297
2994 55777 0.273049707342425
2995 79412 0.156074535745536
2996 5587 0.135631612497498
2997 8943 -0.255927345178737
2998 25987 0.220613032532077
2999 10159 -1.07888112844637
3000 3902 0.241653564213737
3001 59286 -0.498650247345886
3002 3309 -0.991890511473773
3003 23234 -0.231264534764382
3004 1678 0.293997126722243
3005 642533 0.290740871128446
3006 2121 0.217583315990885
3007 8875 0.311626001934855
3008 55616 0.346295633107966
3009 7367 0.296370763501987
3010 7177 0.304410728962538
3011 127703 -0.507819496797472
3012 3140 0.189153336025605
3013 58495 0.173426869455684
3014 80346 0.238536349932923
3015 23510 -0.236824425810628
3016 7434 0.210658967023339
3017 22992 0.326347123779552
3018 26993 0.221029476584403
3019 23410 -0.220168917454681
3020 55109 -0.37070147204359
3021 384 0.278001416541347
3022 1621 0.20519429988654
3023 392 0.387807928353217
3024 6720 0.587208459457358
3025 4082 -0.89957394130027
3026 4331 -0.226096778972234
3027 4142 0.338960888944038
3028 9834 0.304467663366841
3029 10621 -0.199417157654988
3030 9806 -0.3018977736126
3031 8973 0.229674265207776
3032 54865 0.175157463130174
3033 7091 0.152286204933774
3034 47 -0.469448653588069
3035 4210 0.197314235986351
3036 10808 -1.24733312510706
3037 4919 0.250243807603821
3038 23322 -0.222681303173233
3039 58533 0.414007060832475
3040 9038 0.299988512136612
3041 414771 0.194345240128871
3042 10294 -0.80430315121404
3043 10107 0.198039123608186
3044 7053 0.204447376308243
3045 339105 0.314000638121226
3046 23466 -0.226215485987858
3047 4825 0.178641735747415
3048 64743 -0.28788979102352
3049 221037 -0.438612236320553
3050 9682 0.219928338817968
3051 3762 0.240332451230469
3052 9639 0.280051961577422
3053 90141 0.150912571708905
3054 9542 0.217147903965688
3055 51617 -0.68892359860938
3056 11078 0.502829301540743
3057 5727 0.217632644791562
3058 9870 -0.333220020983316
3059 750 0.219682778636154
3060 51275 -0.164901453224067
3061 23367 -0.423806829292447
3062 4109 0.277540460302668
3063 9849 0.241110028623645
3064 1892 -0.286468792515285
3065 4832 0.296857470377283
3066 23108 -0.453169317712432
3067 23263 0.228545532517431
3068 23390 0.202713361828701
3069 22908 -0.443552856457913
3070 11179 -0.291674410382398
3071 9208 0.463913442087552
3072 22882 0.361243005961219
3073 10912 0.300394790814374
3074 129025 0.174333786831407
3075 4956 0.170742406192402
3076 79696 0.204009597888042
3077 3061 0.127505988805766
3078 10420 0.185388885186721
3079 226 -0.894288826554376
3080 2647 -0.33343182429495
3081 11153 0.321308468831697
3082 9567 0.304225072447841
3083 9429 -0.530684007132469
3084 8848 -0.526252300640907
3085 56301 -0.235145923365069
3086 29916 0.178053389873711
3087 3808 0.22633403644457
3088 11151 -0.387910446029468
3089 222663 0.276158976835579
3090 10168 0.205347189532478
3091 11341 -0.598542492453518
3092 9819 0.182735240624178
3093 80237 0.181514208203414
3094 3827 0.152567959278572
3095 51377 -0.427599657681395
3096 23119 0.176359379140722
3097 3128 0.247941146852684
3098 868 0.268522584216967
3099 8277 0.285511359821205
3100 123872 0.166155567128454
3101 55830 -0.169626410631261
3102 4666 -0.44779898699931
3103 80301 0.272388156460583
3104 6337 0.174827083410674
3105 3106 -0.723922436704825
3106 375035 0.266031188343391
3107 1013 0.20410573586336
3108 8832 0.260684503051408
3109 7776 0.160120804700798
3110 5805 -0.415353096921579
3111 10146 0.255115318395362
3112 154796 0.291187436001331
3113 1029 0.185351814121824
3114 699 0.220264172683808
3115 5629 0.195240335965658
3116 4084 0.153259990950633
3117 5444 0.170726120083673
3118 5526 -0.306165450918482
3119 2119 -0.345146117177299
3120 4327 0.244473330585987
3121 23520 0.186214961417655
3122 1462 0.463052180774289
3123 3713 0.325782456990568
3124 4781 -0.268713470647643
3125 6923 -0.364332910971857
3126 23524 0.70629952804942
3127 1022 -0.414233110723612
3128 728215 -0.40744538288734
3129 7024 -0.227095740603886
3130 9520 -0.623565747969569
3131 51096 -0.545192871985348
3132 487 0.195601667151602
3133 51646 -0.518046027039533
3134 29066 -0.286865039323238
3135 6875 0.165980844992354
3136 23519 0.272856330591662
3137 5010 0.176238736007744
3138 2117 0.20977670158047
3139 23255 -0.331868391506744
3140 3945 -0.43601519068126
3141 51188 -0.155639988459122
3142 2327 0.321895671790658
3143 374286 0.266153255106793
3144 7311 -0.267016354036375
3145 51582 0.225563710827036
3146 10016 0.412715583693173
3147 55374 0.267195839795377
3148 3695 0.22782459317393
3149 90204 0.249613682253166
3150 5217 -0.740421523555026
3151 5313 0.190107135170567
3152 10402 -0.184757211490195
3153 2138 0.21963841931672
3154 6624 -0.261955709740277
3155 7084 0.146897902728711
3156 92483 0.228239876249083
3157 373 -0.292888236636911
3158 58511 0.175062209490467
3159 9669 0.435024419610503
3160 1308 0.168076107551981
3161 25820 -0.323872066465351
3162 10942 0.235278502853419
3163 51 0.207463478624359
3164 51497 -0.363038265690435
3165 5654 -0.371937808925772
3166 8933 -0.414530316460853
3167 8908 0.291999693500957
3168 55839 0.189563375319745
3169 1437 0.192382020898912
3170 51433 -0.39771189903272
3171 9020 0.299844525072427
3172 4487 0.604871922099754
3173 5791 -0.580397591245417
3174 27035 0.248464742481259
3175 57136 -0.476399842428037
3176 23480 -0.851808216355108
3177 7965 0.311243432877587
3178 387082 -0.197714697568154
3179 23019 0.209370810939383
3180 23321 -0.515061503989736
3181 54505 0.207454583148458
3182 6235 -0.325874736746311
3183 2994 0.25758447142853
3184 91355 0.16478538268549
3185 79902 -0.28954655931749
3186 56302 0.203760893453137
3187 9221 -0.350585423528118
3188 51191 0.337719691558286
3189 54811 0.270447257372015
3190 22875 -0.357334046342225
3191 6037 0.239523677568019
3192 192286 -0.26737483101067
3193 55610 0.18612196562208
3194 5569 -0.355029105277149
3195 79676 0.223322151148254
3196 5023 0.213994691359698
3197 81533 -0.942312819965785
3198 50833 0.288792568313946
3199 10092 -0.337654666764079
3200 8623 -0.201279361556492
3201 29100 -0.366786233374564
3202 26205 0.19763625110082
3203 5798 -0.481844989676628
3204 101926997 0.236143417765025
3205 4817 -0.152510938235578
3206 5311 -0.361608033319703
3207 57147 -0.196110211811074
3208 1956 0.237370957292182
3209 5950 -0.875494946314312
3210 27040 0.273923977276349
3211 200576 -0.354722772346897
3212 643 0.173465758896367
3213 11199 0.192061540234496
3214 5549 0.191657548006242
3215 1314 -0.356387601655133
3216 11191 0.187389646084489
3217 50940 0.233233060783863
3218 9095 0.201413442014648
3219 8336 0.177626145270089
3220 10193 -0.523106370738723
3221 10409 -0.629289324292142
3222 29881 0.240714404830016
3223 55291 0.213524586845952
3224 11118 -0.47505275489543
3225 10330 -0.194402451352921
3226 63892 0.176452679409866
3227 580 0.317211920384956
3228 2321 0.145354382104236
3229 25891 0.350476059718163
3230 54741 0.367380555775521
3231 1431 -0.239021869637366
3232 5987 -0.210098461443098
3233 8871 0.269104119457897
3234 22806 0.189064263142857
3235 55872 0.123393351304257
3236 9245 0.157481137731438
3237 9832 0.257532090909079
3238 3678 0.172109311334315
3239 5004 0.154911024140011
3240 998 -0.82850434657299
3241 26184 0.232180108934504
3242 26266 0.330322948570708
3243 29781 0.265014612234269
3244 10116 -0.516659421531673
3245 11184 0.139321031519502
3246 3163 -0.394871559468932
3247 79918 0.212653964340801
3248 10313 -0.778450459319469
3249 64421 0.395665091339362
3250 1603 -0.836512254273474
3251 56311 0.164885676069913
3252 91373 0.316939565832179
3253 51554 0.17886140977739
3254 8995 0.21628085092454
3255 5901 -0.766264496433076
3256 26539 0.238462106580472
3257 5604 -1.05801568018234
3258 55697 0.2096691091415
3259 2055 0.307898132088224
3260 5796 0.523312063345324
3261 25814 -0.716253284039961
3262 10131 -0.291061402347696
3263 9475 -0.506217666011569
3264 3112 0.34040373840326
3265 6843 -0.403495810017867
3266 4648 0.206687773873227
3267 10446 0.143752445665436
3268 64598 0.235680823772121
3269 146909 0.182514042157428
3270 9114 -0.669078343852203
3271 125058 0.282879427682472
3272 91683 0.229622007337634
3273 8392 0.220280641907075
3274 50717 0.178733802547007
3275 55081 -0.335623327576438
3276 57612 0.219378900282636
3277 1805 0.163641954704953
3278 55197 -0.346027070590142
3279 6433 0.436707390801356
3280 29906 -0.301875283650184
3281 55907 -0.706669948003386
3282 2189 0.23672107653644
3283 54514 0.160918297907874
3284 157922 0.144661440708907
3285 57795 -0.282450803484046
3286 22983 -0.416266941293286
3287 7472 0.190967517491727
3288 23461 -0.318403699032429
3289 79883 0.375825892418027
3290 25994 -0.666656425938495
3291 3595 -0.305194696881129
3292 60343 0.269393891168018
3293 23479 -0.666928259629419
3294 5000 -0.455956804838258
3295 9641 0.259432289500432
3296 80097 0.575397803079788
3297 5523 0.21808510793938
3298 100506469 0.300563499760635
3299 3568 0.221930056947016
3300 323 -0.159336925019549
3301 51138 -0.783919667915288
3302 7783 0.199824465559488
3303 6059 -0.462927883163748
3304 56269 0.166560232196541
3305 3891 0.167888216091474
3306 65244 -0.328514882574686
3307 9252 0.240680967445616
3308 3439 0.202934470822512
3309 26238 0.19207560299652
3310 6356 0.247049382355593
3311 1398 -0.57668704931064
3312 944 0.224788199889701
3313 1580 0.153327469309875
3314 3552 0.184941647053266
3315 1448 0.279424310073516
3316 9169 0.283796949329624
3317 5295 -0.437183946361031
3318 55096 0.341367395440789
3319 4048 -0.308720057770064
3320 51283 0.214219513515014
3321 81929 -0.765865499825106
3322 8515 0.216412333983127
3323 26512 -0.208041957513228
3324 6320 0.20955155844586
3325 7138 -0.188885364872812
3326 845 0.207415088801523
3327 54386 -0.443111312485563
3328 10280 -0.193817251759005
3329 60485 0.211771952510675
3330 5631 -0.418230727939683
3331 8900 -0.321384885976195
3332 1265 0.196798613662327
3333 120526 -0.185682173232115
3334 23181 0.38877372182333
3335 4300 -0.317654300634228
3336 60489 0.161985869999729
3337 6386 -0.566436924291501
3338 11335 -0.337278242875052
3339 51109 -0.455762217703336
3340 7450 -0.428658542952943
3341 23152 0.243032847790277
3342 80335 -0.232841950180472
3343 398 -0.517074929618683
3344 4632 0.254999779675884