1 11279 -0.596999567057567
2 5026 0.928911576380641
3 8915 -0.528958810167263
4 79816 -0.370561212565312
5 673 0.491031062329936
6 84307 0.578335873208465
7 53831 -0.4665211838507
8 6415 -0.297225482138253
9 2274 -0.606628564200409
10 23587 -0.749417206317091
11 23191 -0.287289393089058
12 5225 0.333905039807195
13 117247 -0.445185304531129
14 51236 -0.282785444765604
15 114294 -0.51101336785471
16 6801 0.308985196429233
17 53841 0.338302908561459
18 3728 0.971143323155587
19 390790 -0.3569232026254
20 1291 0.285452646563122
21 728175 -0.503761089852913
22 2794 0.328896951578309
23 54566 -0.290335371188406
24 27086 0.687816435961762
25 89927 0.294633388599996
26 10611 -0.333367992352432
27 55769 0.398148437743902
28 55435 -0.316543017804221
29 85414 -0.304383759477792
30 6548 -0.325852623373009
31 346157 0.292717056824765
32 4086 -0.916685026711514
33 283358 0.28773786491421
34 3674 0.260265097564633
35 146059 0.302296541433118
36 339855 -0.319125367359189
37 113791 -0.296000869919007
38 10320 0.509084643979408
39 25759 0.251169528783541
40 8997 -0.610983289311893
41 6474 -0.465404834981415
42 285636 -0.237633232838988
43 7975 0.35569006585897
44 53349 -0.365616498316637
45 644656 0.309641964447968
46 104 -0.332660096009251
47 960 -0.591533776362563
48 5734 -1.02741239607341
49 222236 0.351660787558325
50 4669 0.265278526646125
51 199731 0.332186625882831
52 132320 -0.272732077698364
53 1999 -0.238466549009138
54 5799 0.61074583394156
55 54629 -0.285995874029004
56 84749 0.300324257771785
57 9530 -0.298273889183446
58 83856 -0.522297160231123
59 652968 -0.392854369220875
60 8863 -0.461838321037375
61 79992 0.322483579151972
62 1285 0.966062297355657
63 3658 -0.435924282148773
64 134728 -0.314578472338716
65 10171 0.286151773784553
66 23299 -0.288516728239239
67 4501 -0.308184611660659
68 11040 -0.398315383783183
69 10402 -0.862726086386788
70 112399 -0.578955976352956
71 10261 0.295865249849032
72 23015 0.380541380483693
73 9218 0.332745125047026
74 60481 -0.356098083064909
75 83937 -0.473678543091551
76 79960 0.246534669272256
77 3712 -0.342781901206322
78 3073 -0.261202410084832
79 3557 0.323058034080507
80 400960 -0.274360361385277
81 23468 0.575198164003583
82 80115 0.296954856178159
83 6242 0.272372044429392
84 343990 0.242126622650314
85 83475 0.279898410529298
86 6433 0.271019686658727
87 2854 0.268703352478526
88 126298 0.365806756429486
89 55589 -0.422638246307118
90 23492 0.299599781528296
91 399 0.631778425047344
92 7185 -0.364234578289903
93 11030 0.374081612063048
94 1829 -0.8956560815313
95 3485 0.245883396092392
96 8536 0.280730040613374
97 2744 -0.253821284678463
98 9743 0.322600100560701
99 9732 -0.221938238817095
100 11255 0.326117407249891
101 933 0.45428688953683
102 55252 -0.289067586310699
103 286204 0.267371286859542
104 1657 0.320755613399424
105 79784 0.369864133491468
106 9927 -0.284747711989996
107 85450 0.309256854121958
108 27295 -0.28674785915036
109 3607 0.276716876786908
110 79961 0.48431250111834
111 727916 -0.435083330326501
112 8828 0.24209364635574
113 6429 0.523340428453275
114 26220 -0.262109903413505
115 7535 0.299601706375652
116 256764 0.241260179916506
117 220070 0.270342604090404
118 23089 0.622213678296575
119 55127 -0.272106406646176
120 8320 -0.468864593769557
121 11165 -0.265001761853962
122 57060 0.300637217843497
123 23175 -0.41625659418211
124 64093 -0.215828569094492
125 8817 0.246950278781166
126 9208 0.373862224960673
127 83959 0.334615710084059
128 3350 0.275397361459906
129 80830 -0.41818079257434
130 284106 0.317232997014639
131 728730 -0.241417603807812
132 728190 -0.235478123067297
133 57630 -0.409698877978082
134 375449 0.228451120647598
135 55704 0.296699607549551
136 132671 0.355618008707775
137 5341 -0.322569988671752
138 51747 0.325551864252412
139 56894 0.312097600657213
140 65110 0.277901811509897
141 105369974 0.252903376931415
142 9414 -0.230818716180361
143 23301 -0.368331401605067
144 64854 -0.334856892523629
145 2273 0.456016243029693
146 118812 -0.270346084176699
147 84106 0.247896680889484
148 79047 0.272319242828078
149 126668 -0.25245288573482
150 55592 0.261923588296713
151 79989 -0.236322329958739
152 80007 0.210777045611779
153 79621 -0.257823562431372
154 1318 -0.266989566452009
155 32 0.252068928995906
156 132864 -0.345413533713661
157 613266 0.557097106681675
158 2760 -0.592524305964463
159 55342 0.476119641933342
160 9306 -0.25697991820124
161 56897 0.286892391995816
162 5648 -0.310198396550301
163 101927702 0.259904259412105
164 4043 -0.402564342236735
165 7074 0.199718709981231
166 284086 0.296104432985946
167 374920 0.230577706073678
168 55345 0.270918750952039
169 27006 -0.243551657574027
170 100131532 0.259896173112929
171 2779 0.26164782183861
172 115650 0.358483678051681
173 9953 0.258827327506323
174 9718 0.276606086931831
175 344 0.259625123464871
176 23166 -0.27420375769226
177 646778 -0.285486524512212
178 54361 0.276203015090529
179 100288198 -0.238083443563488
180 10661 0.29959829006111
181 116931 -0.223921803961836
182 7046 -0.269310559011438
183 27158 0.289782103846163
184 5690 -0.530197101995285
185 5930 0.40475918659544
186 5238 -0.320491569533369
187 5727 -0.658167159508481
188 100131827 0.189660423492681
189 284273 -0.303035981340216
190 375346 -0.378688077019091
191 4649 0.288249307900173
192 7695 -0.357045322938098
193 221472 0.482335962404713
194 85027 -0.58612665050385
195 100132815 -0.339309779230165
196 101928857 0.236434573041469
197 406934 0.272381688690451
198 2281 -0.448693594982778
199 3442 -0.200630359539183
200 100996490 0.252862597705481
201 2712 -0.2836710143339
202 2169 0.225389370107481
203 7148 0.203311250317613
204 89891 0.233790804796514
205 8394 -0.255286153648455
206 55721 0.239028681145068
207 54058 0.307917683361844
208 22949 -0.246287653213022
209 83481 -0.216769173642337
210 63951 0.249117312155769
211 79370 -0.353947645038452
212 8614 0.494901620084734
213 90780 0.300453198716638
214 55237 0.290882609924105
215 339500 0.569002569791397
216 126526 -0.209901697685467
217 9205 -0.25949465172059
218 222223 -0.499716913248581
219 1545 -1.00516410353777
220 773 0.534381485160316
221 9823 -0.452066425194905
222 5293 -0.332403414788477
223 728558 0.198721887852285
224 5995 -0.225930060769099
225 57730 0.415744187677745
226 89857 -0.393643923768263
227 57674 0.47824823981642
228 283284 0.249395120223323
229 154807 -0.272049532092415
230 3537 2.11173175509817
231 79805 -0.525920722137339
232 1346 0.32629415781381
233 51479 0.292482931402891
234 6717 -0.564302822578908
235 122876 -0.255333633251459
236 51696 0.36670803474059
237 65981 0.324714865151392
238 27177 -0.322765018030424
239 9397 0.196397915742114
240 79400 0.266679990150898
241 56547 -0.221881432419084
242 27185 -0.378165152292636
243 81603 -0.2583749706195
244 23023 0.286284593245494
245 54986 0.226682401039531
246 100507507 0.24903356050149
247 8976 0.186253753584712
248 9900 -0.375128391621781
249 55670 -0.259427326893315
250 56975 0.237143019902694
251 6556 0.239169572962541
252 8704 0.219019022593891
253 284100 -0.249788963149511
254 115265 0.242970553365711
255 25974 0.190987392254258
256 255512 0.270229295321954
257 2321 0.284111380852888
258 87 -0.627514426956742
259 79833 -0.218405724055982
260 57158 0.274931923385959
261 84752 0.254029451084475
262 196743 0.292542258644208
263 50626 0.324678383870526
264 10730 0.210983888526168
265 1984 0.47387933729657
266 8518 0.234647738868286
267 53942 -0.195026108285804
268 56243 -0.223016346597452
269 3938 -0.396542465441911
270 81622 0.310645117107816
271 55655 -1.13295924159518
272 56889 -0.25846586147268
273 157638 0.298910586662893
274 23554 -0.653965936583452
275 55122 -0.218597640683638
276 166929 -0.331433781953176
277 5179 -0.232169907166797
278 100190939 0.272798002275715
279 55599 0.31827945072666
280 11031 1.1970288326705
281 168741 -0.203133525857541
282 1776 -0.474061230931217
283 57565 0.364488824746648
284 23161 0.192670077206642
285 56904 0.252918090465561
286 57127 0.245173423828746
287 10762 0.317288256321633
288 2535 0.297193408440347
289 9940 0.205775570863708
290 334 0.360342874302672
291 284788 0.269888044271358
292 26291 0.187267865635511
293 197335 0.306422870665813
294 2703 0.333553285759243
295 54964 0.193508855708029
296 162282 0.264003493547794
297 10444 -0.212095108054414
298 284889 0.346635898441674
299 317662 -0.19561336941809
300 2658 0.178164781025179
301 162333 0.212763509747249
302 10235 -0.25302616657941
303 3631 -0.345422362676088
304 57711 0.446182647847583
305 9604 -0.340373701207654
306 6490 -0.195764783216985
307 122481 -0.206917630541224
308 342918 0.216838620736255
309 55024 0.364950615966089
310 10629 -0.333274698871377
311 55785 -0.307961163739119
312 643224 0.23682775125505
313 100216545 0.268383554599001
314 9400 -0.268347041792745
315 354 -0.293016966528425
316 101929224 -0.234898545149095
317 28560 0.173008842128406
318 5291 -0.271273253594407
319 317781 -0.255399578775366
320 644246 -0.629655566809885
321 105375172 0.195925734157889
322 26233 0.267696513560959
323 79893 -0.238602476168581
324 343702 -0.230801461498238
325 123228 -0.295975061405433
326 9610 0.209856210324241
327 4194 0.320185688841851
328 2678 0.20103665361533
329 124565 0.303751438007863
330 51156 0.290145047964419
331 100500850 0.259404661565931
332 51382 -0.395610020499261
333 83548 0.282891533083226
334 157739 0.291805636848935
335 79693 -0.247341924440157
336 728294 0.382747610568933
337 10587 0.242797144041248
338 3492 2.36402666960363
339 641977 0.25197104089139
340 91754 0.241626535852228
341 11163 -0.286419977883873
342 114836 -0.199451268371474
343 65094 -0.266202129939527
344 1902 0.266081338901455
345 148898 0.221540498839835
346 140687 0.186729879527052
347 26268 0.256030864907787
348 50487 -0.189219268842006
349 1311 0.232651023869248
350 9295 0.469440270560949
351 3783 -0.311358009026169
352 199990 0.267162655202499
353 8629 0.235776682666248
354 10186 -0.669214571033589
355 150223 0.26419633967735
356 164656 0.2963761598495
357 166785 0.315581354982392
358 84815 0.383311436909009
359 6789 0.296146907368721
360 654429 0.239224927695343
361 51665 0.249269201788358
362 5028 -0.263757991396243
363 84253 0.209049718290801
364 91526 0.18501635063218
365 5563 -0.216349908986477
366 5520 0.301726126883175
367 5764 -0.223888084408008
368 254531 0.258404853774044
369 100499466 0.375978592314484
370 54558 -0.255973804352421
371 144132 0.282106613661614
372 23598 0.217270002260168
373 643338 0.273812940830662
374 1337 -0.196564160793715
375 57690 0.245359370896196
376 256158 -0.221855612260683
377 2618 0.499900786505306
378 9444 -0.408820275827896
379 7750 0.338561167297973
380 29950 -0.242667742478967
381 10099 0.236945400959036
382 55971 0.237255286829107
383 7466 -0.292056195574216
384 170825 -0.269904046654505
385 84856 -0.243545989773588
386 4068 0.281784910739535
387 6251 -0.308382799589971
388 91624 0.517955822806822
389 3795 -0.344149706597062
390 8687 -0.242797609319726
391 338809 -0.214984673730746
392 118429 -0.18588900069652
393 3949 0.289282548765707
394 5619 0.204511659563432
395 57178 0.256162042497238
396 100505659 0.296219258365853
397 51 -0.260756061198636
398 100507290 0.31784225702288
399 4496 -0.317401934573118
400 5968 0.233305380312181
401 10780 -0.20092237881128
402 64446 -0.217891882396866
403 84450 0.204327378819731
404 8659 0.303186556933558
405 90338 0.192513852575874
406 414328 0.271648081594074
407 80179 0.271530345848871
408 6183 -0.279669910437137
409 23435 -0.291922751304279
410 84894 0.221195138790816
411 10847 -0.27420794924395
412 2261 -0.203536914206471
413 881 0.264729714434407
414 55745 0.224823096404099
415 84843 0.214032953788055
416 134218 -0.189292539026853
417 57484 -0.195309278535218
418 84968 0.222509210142774
419 10564 -0.385563556314973
420 8454 -0.277368564045322
421 1406 0.193160569161692
422 10180 0.549767594975303
423 116511 -0.218132691430093
424 22995 0.262352287905148
425 29967 -0.181266131499797
426 23080 0.186976883818218
427 9229 -0.579616208551233
428 10966 0.308499504044157
429 63901 0.22945972201203
430 7227 0.288951179014084
431 5174 -0.204157916254636
432 7756 0.413771133154838
433 440836 0.31739729611222
434 25938 -0.327806402960197
435 2004 -0.324223120477077
436 130814 0.207515999820781
437 94 0.201377451846958
438 26211 -0.225305511192094
439 79780 -0.23630208128086
440 3911 0.366488629686217
441 57452 0.215514106713107
442 2101 0.257011009312937
443 54890 0.288485721138516
444 122830 -0.244298432301239
445 84890 -0.203969972962215
446 402483 0.235658419030982
447 1362 -0.374955347209533
448 103344931 0.237821428069359
449 26273 0.194412466004073
450 123016 -0.234200636542147
451 51676 -0.728994201262274
452 11072 -0.285177036085686
453 256957 -0.225683143236965
454 51715 -0.277368192673164
455 91010 -0.360164623057466
456 389432 -0.189320998278536
457 79446 -0.199896289734959
458 153443 -0.242595149170346
459 27245 0.234444988755327
460 101928841 -0.272137689473776
461 27436 0.214618067480263
462 51364 0.295070623006325
463 196 -0.301055254024288
464 1540 -0.207094071906917
465 441204 -0.201193960373957
466 387601 -0.223352452282262
467 6545 0.250162727404248
468 100132464 0.179258165182693
469 57407 -0.280882752013029
470 8425 0.337995322708504
471 79990 0.308310840809586
472 57396 0.173491174752513
473 283848 0.238640999466958
474 100287098 0.200327449440264
475 203523 0.218354617332542
476 56676 -0.235607531314447
477 79803 -0.189831766344193
478 55728 0.529863193547131
479 10643 -0.308603072998708
480 6714 0.211568420970242
481 117581 -0.243574230875996
482 374291 0.241005562286022
483 399949 0.209793036024581
484 777 0.226857484323457
485 348938 -0.298726041338654
486 642976 0.207320576320774
487 140739 -0.359782464671695
488 11251 0.214582287439542
489 1488 0.497371477038439
490 9752 -0.271568322894225
491 146513 0.215121444849077
492 6907 0.316476696144926
493 101928762 0.307968326953384
494 8315 -0.225946908693977
495 6776 -0.215352133856356
496 5768 -0.252350704040652
497 55857 0.253515777752704
498 7468 0.301303106456738
499 23061 -0.235355123776626
500 4056 0.210062552782778
501 8848 0.29394477801861
502 10495 0.245621595174778
503 27125 -0.286234164210159
504 10154 0.258451483880562
505 100506457 -0.284278793043235
506 3664 -0.250689753327848
507 348110 -0.229820187953942
508 6657 0.219331040661381
509 51351 0.273355336969628
510 5522 0.217951611271201
511 171558 0.214557219841014
512 1211 -0.299249845787135
513 9697 -0.689459765983085
514 149473 -0.226848901311789
515 283209 0.239915424096429
516 84465 -0.177004854496579
517 7976 0.285377812344451
518 1889 0.237115630324776
519 10336 0.238993854564256
520 440279 -0.736267953811577
521 8837 -0.488417188594818
522 6655 -0.283142353380239
523 55486 -0.193271225473884
524 1292 0.269109457019527
525 11101 -0.182800854399687
526 64779 0.344000969068005
527 9270 0.418500213772316
528 9064 -0.220259236103173
529 30818 0.23986362720066
530 54468 -0.191470552924023
531 55037 0.237012206042808
532 8496 -0.312786116754843
533 7225 0.209289441165355
534 6555 0.337710670195677
535 2528 0.177287044560912
536 828 0.268976442427234
537 9898 -0.215065223721078
538 10699 -0.181673772890322
539 200316 -0.250755211264961
540 150962 -0.218187599520707
541 80306 -0.349743725698568
542 54498 0.216074310783557
543 6819 -0.196287630451287
544 115861 0.321247173082497
545 26579 0.274877126705257
546 80161 0.229601075967325
547 4077 -0.239853472560798
548 114880 0.182428602461326
549 8945 -0.248488043053224
550 374655 0.186760622873273
551 25895 -0.289219467729017
552 388552 0.225051145556243
553 6911 0.201938969972853
554 79800 -0.328361229507828
555 1266 1.0505087856621
556 3399 0.352246799040795
557 92806 -0.41208038488405
558 8434 -0.205245878141275
559 125950 -0.248891400212549
560 4034 0.207571754341998
561 3693 -0.374578901671168
562 2521 0.544393010380875
563 100506990 0.264924450452422
564 114818 0.560612199189888
565 55322 0.238839037597667
566 2120 -0.294114046575825
567 100506108 0.244770634581579
568 130340 -0.264775867749517
569 642345 0.256661392303609
570 2585 0.260998589364097
571 1299 0.683805318091898
572 54865 0.216134876871057
573 3007 -0.239738078264625
574 57446 -0.246643240928495
575 4690 -0.255754617809313
576 6362 -0.183294718086031
577 256380 0.201523749672493
578 146822 0.251298045792199
579 348094 -0.282649619795159
580 1131 -0.205479909747598
581 6827 -0.328928058526635
582 6786 0.316962892565618
583 9776 -0.161846040967374
584 839 -0.260201785533779
585 7372 -0.248751358670463
586 100288310 -0.225203207081444
587 5257 0.254359912969221
588 2591 0.424550194671233
589 597 -0.42802159285818
590 8161 -0.264769510089572
591 5194 -0.283327247914384
592 2196 0.226905025573374
593 3488 0.25340602971745
594 4430 -0.441588252591749
595 25984 -0.166579014779432
596 153090 0.215453926346191
597 140467 0.255924086114395
598 65080 -0.380779034741258
599 5725 0.194424477526861
600 200958 0.261772827582454
601 2637 0.219762755008636
602 55715 0.212845428582157
603 388780 0.219967847227767
604 80036 -0.237132533161147
605 10984 0.217844916230931
606 51616 0.340269780704679
607 5156 -0.196625909273332
608 5664 -0.226476387729572
609 102724814 0.25140988965537
610 10114 -0.199228514865083
611 145694 0.283748110785957
612 83983 0.260533619213695
613 100128998 0.215402601595386
614 101927513 -0.246754255165547
615 51594 0.20905009309832
616 63935 -0.18796148590575
617 283585 -0.211844749480801
618 8193 0.212676951403344
619 6314 0.164949203537385
620 283337 0.182780078853934
621 92815 0.341440973074439
622 7014 -0.193918328618801
623 731789 -0.190954438976477
624 2767 0.204416362997826
625 79831 0.254588660871038
626 10409 -0.242583765048003
627 54675 -0.22310327633151
628 645027 0.182372571763759
629 6271 0.207464393032534
630 387695 -0.50910426682197
631 441869 0.318412809166207
632 90 -0.247510817845199
633 199800 -0.216144209529677
634 283592 0.215259874977642
635 55151 -0.235480996004618
636 11064 0.403525738516492
637 3902 -0.675230339416805
638 51231 -0.242629809080809
639 55149 -0.201638828671428
640 51063 0.271484881980911
641 6774 -0.301438757197198
642 958 0.18420801912597
643 3797 0.330841160994374
644 23780 0.187921844962261
645 55086 0.229038797690786
646 50848 -0.424269278424956
647 352999 -0.237029813258508
648 57461 0.210867988913947
649 91860 0.211779118782982
650 10905 -0.330917254102303
651 138240 -0.179281170346448
652 83445 -0.205634684651216
653 102606465 -0.319998868555027
654 8728 -0.244386979922519
655 225689 0.184978037296876
656 56099 -0.221058642494022
657 24139 0.245873686605981
658 60492 0.343579052579308
659 642852 0.192991573000888
660 6573 0.194925312527845
661 3841 0.266990274642743
662 30834 -0.278729796964173
663 101927049 -0.169169683547799
664 101929114 -0.268139465485034
665 84975 -0.247606031751089
666 63928 -0.193831365878885
667 23408 0.21688408964784
668 493911 -0.194031025664012
669 284440 -0.217296046732626
670 1601 -0.247316317236109
671 84660 -0.214068139740227
672 27079 -0.23435128322317
673 23219 -0.305810329493915
674 1029 0.206289355094309
675 8633 0.220246892211349
676 57189 0.248769315529809
677 151126 0.151654287327958
678 572558 0.291778881983891
679 6521 0.252376268839926
680 387921 0.371440753654252
681 3777 -0.265711678531376
682 196528 0.359714723639857
683 5089 -0.271203237512732
684 8359 0.204045552525835
685 56341 0.225443929407331
686 162655 0.187197431226844
687 8847 0.343527878868105
688 158297 -0.227185387806738
689 283849 -0.193983720431996
690 51608 0.196262644633635
691 7337 0.174255235355
692 54602 -0.270649656310239
693 414157 0.189146265436229
694 101928068 0.233422399962068
695 7477 0.22027338565964
696 3578 -0.183323245939715
697 23099 0.252223307156756
698 55729 0.205087496134138
699 65265 -0.183783117105879
700 100128927 0.149077767228529
701 8030 -0.259820739791047
702 545 -0.239340667518738
703 9315 0.297045180990322
704 222008 -0.182252664284896
705 400566 -0.385564725835413
706 54813 0.328098353251788
707 162073 0.281619496187596
708 3044 -0.177687502350863
709 161497 0.228910950104534
710 23398 0.16405583164473
711 4502 -0.415658879318732
712 53616 -0.170985864000363
713 51619 -0.182171737754358
714 1469 0.193308314401389
715 100996511 0.234663911232805
716 259287 -0.189292560026494
717 818 0.206084148192271
718 84861 -0.236511761035479
719 634 -0.273990429314612
720 57089 -0.283545584690418
721 80835 0.17867598104029
722 8899 0.267129068774212
723 9693 0.242294239473773
724 56139 0.186837039997243
725 10659 0.411896122235757
726 4889 -0.209547256028629
727 162968 0.249895149912863
728 83988 -0.416580842717559
729 10876 -0.166281261669841
730 7476 0.186758920582672
731 55740 0.160846116911987
732 646576 0.303555335781176
733 55975 -0.280054326414231
734 4158 -0.185727368143231
735 55270 -0.278493312214313
736 65983 -0.495496271956303
737 115703 0.288804447744506
738 3097 0.182176643816722
739 79149 0.182617636239716
740 151742 -0.221777935205328
741 8884 -0.256112315848981
742 64180 0.218780681930829
743 7107 -0.330161874844189
744 2957 0.238864217323373
745 1048 0.183267861485279
746 1438 0.166421978778961
747 26013 0.234639115336549
748 84174 0.239808186607205
749 9736 0.361793122934609
750 2972 0.165337040416166
751 1154 -0.280987893661711
752 153682 -0.21143239241733
753 9849 0.351061120699162
754 400579 0.206329539766439
755 23065 -0.184110644013683
756 64132 0.181075783158417
757 84787 0.202687057688242
758 10396 -0.325986647573739
759 10765 0.212180157724168
760 115110 0.178874242398592
761 100506827 -0.152789033608075
762 6645 0.247250524387054
763 55662 -0.216669756538544
764 51312 0.338113043968864
765 6672 0.253427856327142
766 10458 0.15014385521096
767 6337 0.271156008569185
768 23373 0.24933910879695
769 4887 -0.158716878084683
770 80213 -0.283986177063904
771 25893 -0.158913590205843
772 8879 -0.193813117543031
773 100128236 -0.222999113270119
774 11078 0.191243585590139
775 6635 -0.222392414337677
776 79034 -0.209282447108739
777 25992 -0.180713887257617
778 2247 -0.227320252824116
779 196374 -0.191809242861607
780 10333 -0.379929435845363
781 2202 -0.202494826092767
782 11128 -0.176916603544909
783 8600 -0.684046018052854
784 4332 0.559479121994012
785 5010 -0.195646018201141
786 85007 0.23487093409012
787 55679 0.21692969975313
788 8541 0.157320273980821
789 101929125 0.192420723147359
790 1233 -0.251467117276559
791 51704 0.217871971928681
792 253430 0.197602943595691
793 1629 -0.206041622367149
794 5862 0.339671729595796
795 23195 0.292562657754164
796 9623 -0.341131743476633
797 26123 -0.200855336749626
798 7712 -0.16503297672218
799 100288139 -0.175361204484348
800 7076 -0.474260443503479
801 84838 -0.226970155307761
802 9703 -0.294607676342598
803 55353 1.01496742919711
804 442075 0.264847942182553
805 55056 0.261987380899384
806 22809 0.463864023823525
807 253832 0.237082689260029
808 100216546 0.189030028969378
809 8418 -0.542774026694305
810 170062 -0.176595566845883
811 90665 -0.235465295617214
812 2072 -0.264484478013813
813 7571 0.283686063360752
814 101929705 0.239131562006504
815 5873 -0.338434142371035
816 283486 -0.249912812912704
817 55082 0.230121465098005
818 261729 -0.529055488897084
819 401320 0.171237219787369
820 11196 -0.210834136185724
821 283238 -0.232597266523371
822 23586 0.551676304277823
823 400500 -0.20869895027391
824 1388 0.25136042227994
825 3200 0.273116372910025
826 112936 -0.238482794698721
827 3776 -0.173013242821538
828 11124 -0.294270477792248
829 9520 -0.270420828639346
830 963 0.371192211263149
831 10256 0.26370957141342
832 51000 0.346451581632342
833 6002 0.225689101091545
834 317648 0.167183250813835
835 24146 0.221806712191211
836 5208 -0.254926948417111
837 3642 -0.198360979906743
838 101926967 0.213062376334171
839 2530 -0.229598173387712
840 574432 -0.197202144954585
841 50804 0.210513195293651
842 1796 -0.2635628218954
843 3831 0.239283623972595
844 2788 0.197712514266393
845 60682 -0.191650437251525
846 64417 0.472000654215843
847 2309 -0.684248962234287
848 23074 -0.334767854854494
849 440416 -0.226413657480121
850 6425 0.17090722940017
851 6426 0.224309542715366
852 54414 0.150598703802136
853 150572 0.245402064924088
854 11099 0.28329128323552
855 9819 -0.260468415869181
856 5239 0.268222814474887
857 84153 0.227539942063718
858 3363 0.172354322547127
859 51338 0.167019405515983
860 9843 -0.306217914142892
861 728769 -0.200755671362454
862 3554 -0.384839024528569
863 100506274 0.201932235671334
864 148229 0.203123358716896
865 161502 0.196057931043647
866 6560 -0.232168454192391
867 148738 -0.20977351956443
868 55653 0.308352389005451
869 131034 0.173753576377647
870 23421 0.257708111957768
871 7556 0.277608006517164
872 255031 -0.223971285959213
873 23481 0.214766330882254
874 83930 -0.206615092445596
875 80328 -0.176195045321187
876 55766 0.201700537891921
877 100129461 0.200199420374464
878 10069 -0.185138958597086
879 100129884 0.216218635601351
880 23533 -0.366239608603219
881 5272 0.475596756656534
882 3070 0.379148450739467
883 54072 -0.498863186577801
884 101927084 -0.212368951593557
885 908 -0.206728551202547
886 135656 0.181535360580714
887 10595 0.210586067959834
888 55628 -0.167445495445954
889 4107 0.236279667341174
890 80146 -0.3535576463451
891 26130 -0.216758891931485
892 3814 0.221520516763299
893 8795 -0.272837224727805
894 9502 0.25158907328827
895 26226 0.216754213423322
896 729683 0.209848082777307
897 11216 0.31917070423428
898 440918 0.204756225834489
899 7109 0.424413087566752
900 6872 0.235955549840869
901 221078 0.248184871156183
902 79364 0.169686739366028
903 127731 0.275091738412365
904 84985 0.16481102666931
905 26018 0.15969265183536
906 51388 -0.327755672113933
907 9167 -0.214260955416075
908 6564 0.212306704310654
909 91612 -0.212426031015446
910 154810 0.216620476586395
911 23347 0.270973200191268
912 27244 -0.278253118835298
913 8111 0.186321662792315
914 2737 -0.168166496131217
915 55352 -0.19454804960484
916 472 0.167275564359231
917 51091 -0.159117857947004
918 10164 -0.223372690264948
919 80174 0.20794374189451
920 1286 0.435289680879878
921 128229 0.272348877030718
922 200424 0.209081461907831
923 401585 -0.195099332041087
924 128611 0.233643601776035
925 642636 -0.154369889876427
926 5476 -0.273556718926253
927 100128977 0.166301916116668
928 598 -0.413161170552374
929 4137 0.225261547760076
930 10045 0.203603795562395
931 4985 0.248063922870928
932 100131096 0.362454569181552
933 54800 -0.270501703976911
934 23210 0.238877710146421
935 162962 0.215644137778461
936 54972 -0.247776363707203
937 51222 0.206494993911621
938 9765 0.333484334371744
939 101927411 0.188341130074093
940 2981 0.175212871725447
941 3107 -0.260031030299748
942 79954 0.20668604889975
943 1690 0.277837737464327
944 220906 0.168952418440969
945 1138 -0.195857087629922
946 5134 0.253164161740552
947 255167 -0.180305911901451
948 131566 -0.310627256914077
949 26628 -0.201392711600875
950 54708 -0.24246880507811
951 100506215 0.182282524113854
952 101929517 0.221126881979491
953 11083 -0.312917732929738
954 6624 -0.395665617131766
955 6484 0.25401980300202
956 729438 0.292399976769385
957 154664 0.182171260598455
958 9437 0.146131751897202
959 162083 0.164524044333942
960 54777 0.204285751221292
961 143425 0.175947138127146
962 81669 0.20143599488332
963 2619 0.232194720758216
964 84288 -0.542883229000454
965 146894 0.198193693630804
966 118980 0.318794692653666
967 10143 -0.235951164795042
968 7542 0.23692367189534
969 728 -0.293035247232369
970 136371 -0.178528828395651
971 57186 -0.179590847091302
972 23633 -0.318479358263144
973 221178 -0.212401368757317
974 29101 -0.211269333360776
975 5695 0.269602506349678
976 79898 0.231355080424619
977 100129961 0.226934267359181
978 101927701 0.165306331679647
979 115704 0.249803237361185
980 5980 0.346449508498902
981 55020 -0.23538362550233
982 1404 -0.195565224965049
983 4215 -0.251815507368717
984 57038 0.306848826887866
985 8814 -0.266408531540076
986 51105 0.244368386187701
987 158358 0.236533949636573
988 116447 -0.211741465210809
989 1588 0.196364714754033
990 374618 -0.165389461158234
991 157381 -0.171524353933678
992 55184 0.273959549565174
993 10388 0.167452967466459
994 11041 0.245215642703667
995 80131 0.20294083339145
996 5728 0.280922067510947
997 6666 0.224095845708649
998 7637 0.289226331601455
999 5175 0.519278194760089
1000 4891 -0.20200807907827
1001 26058 -0.185241639689531
1002 10203 0.217343977805065
1003 11016 -0.21923132265225
1004 79943 0.263329367765073
1005 658 -0.185367773148054
1006 135228 -0.228115466828785
1007 54718 0.237691315757107
1008 91181 -0.174609447457973
1009 23281 -0.203996564440432
1010 64858 0.212410295901773
1011 57591 0.224956124705512
1012 239 0.151207939323982
1013 152485 -0.261531263877257
1014 220002 -0.197155619951917
1015 137872 -0.154346472580106
1016 85329 0.161885904243481
1017 118 0.216862318101178
1018 23413 0.16184821463714
1019 2571 -0.189166088754547
1020 2239 -0.51503603514925
1021 1178 -0.310820930476113
1022 23431 -0.167100405845677
1023 2172 0.173149569585438
1024 53918 -0.351532959875031
1025 438 -0.268694605034063
1026 4608 -0.195485393799352
1027 57646 -0.274243643168973
1028 6202 -0.221117849809463
1029 283159 0.148325090068229
1030 8971 0.280362081904043
1031 640 0.582354646747679
1032 11155 0.229257094070499
1033 85280 -0.201661860778275
1034 84898 -0.209313535948421
1035 88 0.241695014557903
1036 257106 0.219258199667681
1037 8934 -0.28834380559254
1038 55173 -0.275393092074678
1039 283518 -0.171311654755779
1040 9727 0.336347764809825
1041 9441 0.214436483565465
1042 2098 -0.228427158804907
1043 9475 -0.225740425931781
1044 101927043 -0.184633905200398
1045 11320 -0.336773730114896
1046 58509 -0.182258969545798
1047 147912 0.236392615405065
1048 64782 -0.197336481868879
1049 163590 -0.184185887111332
1050 54737 -0.178410593442522
1051 5923 -0.170236002704413
1052 58517 0.241145271158579
1053 8313 0.185238108488091
1054 135927 -0.254395606391694
1055 7581 0.234092919025448
1056 55686 -0.338757402310377
1057 375612 0.183583189547268
1058 1674 -0.21669620710552
1059 80125 0.183853257351853
1060 89801 0.178517416506519
1061 4155 0.181148777610572
1062 78990 -0.173869870544474
1063 3805 -0.21323279799446
1064 7170 -0.226035382510783
1065 7320 -0.177290741782224
1066 9796 0.191308551262207
1067 266553 -0.217475697957777
1068 401 0.196951612304187
1069 29063 0.176562377462702
1070 101927865 0.199224291584824
1071 4157 0.164809359843651
1072 51341 0.267435479907996
1073 5243 -0.417324937858347
1074 51065 -0.365460952250587
1075 10023 0.233563281676884
1076 2529 0.15963836533044
1077 79133 -0.207078271451773
1078 3292 -0.216802555366503
1079 150759 0.316920333788324
1080 348932 0.192373601469205
1081 1145 0.180633327369956
1082 60625 -0.238077349661452
1083 5232 0.175529933929413
1084 26127 -0.267628587576186
1085 115509 -0.22204659484065
1086 5680 -0.175361091092293
1087 5464 -0.262885853869891
1088 767811 0.322802598945153
1089 84930 0.218387665789266
1090 57545 0.144554731439151
1091 8804 -0.39072053237176
1092 124989 0.231022980791424
1093 101928760 -0.197867516649801
1094 100421494 0.152607891831143
1095 6387 -0.342345326499867
1096 101929591 0.166721335030432
1097 221914 0.23345942746968
1098 23406 0.237613083208803
1099 79169 0.221622130540604
1100 699 0.184652616045107
1101 10821 -0.212286819139345
1102 55500 -0.350318255360414
1103 5678 0.182504697322719
1104 10658 -0.244833496010576
1105 80757 0.176500343816245
1106 1522 0.177346287269357
1107 283677 0.161663291155107
1108 54471 -0.178361195975786
1109 102800310 0.174949851733043
1110 114907 -0.154540588706058
1111 148 0.153588419136395
1112 1852 0.176793729805319
1113 4287 -0.332453720900275
1114 28823 0.534356415840795
1115 6770 0.193420025173612
1116 56995 -0.252286835585787
1117 26152 0.197713925682315
1118 9056 0.75615587887337
1119 126208 0.318712442812105
1120 138050 -0.316913428384838
1121 118472 0.208738261592648
1122 26085 0.218606842690583
1123 51397 0.133503814570893
1124 64386 0.182230692664926
1125 100506207 -0.245011251762288
1126 57560 -0.195824280621059
1127 27179 0.218718490078544
1128 142686 -0.214744477661744
1129 256329 0.279586008689768
1130 256309 0.20540999880198
1131 4131 -0.405878863514197
1132 4635 -0.219389174364069
1133 114881 0.230570631045155
1134 64788 0.260831218129947
1135 10000 0.21740485946757
1136 51710 0.215227983303026
1137 5294 -0.378392061360031
1138 9816 -0.189738746676879
1139 1084 0.219970028570324
1140 9729 -0.136726317829627
1141 1979 -0.24365993899474
1142 91828 0.151873242108461
1143 2263 0.190884827399207
1144 101927224 -0.225700749701454
1145 9988 0.238450876417947
1146 27153 0.189917851631622
1147 9742 0.208035212078891
1148 9117 -0.26301036701465
1149 2316 -0.224243892772993
1150 23650 -0.228031765936258
1151 80305 0.225176694168121
1152 246175 -0.353582150469812
1153 1031 -0.377023698119072
1154 55298 0.28864406294372
1155 100861552 -0.141090472386426
1156 6692 -0.226851293381003
1157 1820 -0.268921217034298
1158 23051 -0.17897097956952
1159 203062 0.153084530939745
1160 3187 -0.210299926281166
1161 7332 -0.279851351892433
1162 6279 0.258091353748571
1163 26002 -0.673016741671915
1164 5378 -0.224122203308785
1165 10763 0.167926935151198
1166 266629 0.208419861524205
1167 78999 0.23669852060867
1168 317649 -0.174370028806822
1169 23338 -0.203786191760247
1170 1528 -0.315562143900106
1171 127707 -0.208550723349259
1172 150381 0.55219964814025
1173 57486 -0.238291254882739
1174 55632 0.196324965266228
1175 11093 0.246978488626095
1176 10432 0.200432221579574
1177 25900 0.220827193972404
1178 9733 -0.209423715157274
1179 4992 -0.22265463309961
1180 25925 0.153534315020368
1181 6733 -0.159793719814268
1182 101929243 0.175299851592594
1183 57587 0.146883483500047
1184 54937 -0.163549318104982
1185 998 -0.536410184888376
1186 10085 0.18588360504541
1187 64750 -0.261142886118257
1188 100505874 -0.432740379025653
1189 100128788 -0.175237837518393
1190 26108 0.260106316843371
1191 25774 0.184483866450674
1192 353219 0.228244447210229
1193 54984 -0.183022654277432
1194 65268 0.203309848297174
1195 7053 -0.214091613087376
1196 9401 0.181202367647663
1197 9611 0.171858801390016
1198 11227 0.235565610328251
1199 63977 0.229693777362157
1200 208 0.299282603564888
1201 1677 -0.169147794235215
1202 894 -0.349866122818264
1203 3916 -0.316734911899263
1204 79966 -0.693535821812739
1205 8165 0.182635359917758
1206 80765 -0.29542813192867
1207 27329 -0.12770727050887
1208 10142 0.409690087333138
1209 285755 -0.239606731529455
1210 7390 -0.323024221610005
1211 27067 -0.231663275412934
1212 9991 -0.201422609221343
1213 55466 0.328835697670074
1214 59269 -0.261434073378676
1215 5256 0.240554986150062
1216 114984 0.222687003013136
1217 3176 -0.252371083198479
1218 5579 -0.274898554587841
1219 50840 0.24901352791577
1220 6924 -0.233425436443378
1221 10345 0.156367288173822
1222 148231 -0.227030155468327
1223 399979 -0.175712374770901
1224 25996 -0.229560530725288
1225 400955 -0.173681410109374
1226 5371 0.243658632644762
1227 253782 -0.409349516950838
1228 775 0.17693406706269
1229 10220 0.169073867603693
1230 1734 0.227078326709188
1231 54879 -0.28155374783557
1232 3707 0.146014776584592
1233 4670 0.185001045267592
1234 85476 -0.195091722667542
1235 55084 0.182954120563368
1236 55238 -0.172475734693905
1237 64943 0.153450751394989
1238 79607 -0.237505504501927
1239 219902 0.178799765996162
1240 8711 -0.252766843930033
1241 64411 0.199354629562471
1242 23556 -0.240353276643186
1243 141 -0.21982935105197
1244 946 -0.204831109374974
1245 55794 0.164206897652231
1246 91653 0.193773444129977
1247 5077 0.23359580441368
1248 3704 -0.222532335353974
1249 25981 0.1561424048291
1250 51480 0.231173072238037
1251 5189 0.183459214852769