1 54549 -3.913602887375
2 2628 -2.167732171625
3 408 1.559943465375
4 3899 -3.1082477535
5 58489 -2.116181203
6 80183 -2.616860361375
7 199786 -2.08863643725
8 54 -0.92100891575
9 153222 -1.640941051125
10 55086 -2.482688331375
11 5641 -2.66960018625
12 54800 -2.276715030875
13 5294 -1.326298246125
14 84542 0.991943722875001
15 55802 -0.762803472875003
16 6624 1.105257992875
17 613 -0.868164380750001
18 2841 -1.161759196625
19 84132 -1.123048219875
20 29760 -3.8528327895
21 25976 0.981926061249998
22 64781 -1.043322006
23 10544 -0.744001736750004
24 114907 -1.0288668655
25 6322 -1.346443109375
26 503639 3.680572902625
27 84749 -0.966966437750002
28 59350 3.368081761875
29 151473 -2.44094047225
30 10634 2.05461976325
31 145567 0.993549159875
32 2788 -0.988348298250001
33 114757 -2.3011677195
34 8645 1.76091737825
35 29802 -3.071867003375
36 283927 -1.391140902375
37 85439 2.1763700855
38 114883 -0.518048993750002
39 26273 -1.02716817725
40 9541 -0.751349409375001
41 22863 -1.11226809112501
42 79634 0.641459367624998
43 9770 -1.269788165125
44 202018 -1.067455164875
45 284 2.517210600625
46 5450 -3.4400863485
47 56947 -0.721983076
48 23630 -1.373055332125
49 8303 -0.985183343250002
50 10100 1.84808801475
51 957 0.837039770124999
52 2766 1.31370807925
53 23220 -1.282738762125
54 84925 -0.893626001625001
55 9798 -0.684587387500001
56 9619 -0.6644307215
57 5494 -1.249318129875
58 26031 0.964960183624999
59 57217 -1.861682280125
60 4209 -0.573070380124999
61 121551 -1.426359447
62 79184 0.67218880975
63 220213 -1.600120276625
64 3575 -1.06990981525
65 50640 -0.884849976000002
66 286319 -2.244162947875
67 140739 1.0396052745
68 10014 -0.727578224625002
69 51465 -1.640374406375
70 1429 1.797288264
71 5874 2.76036208175
72 6925 -1.718152272375
73 9039 0.623372120749998
74 29979 -0.743136999875002
75 6689 -0.529283924625003
76 9466 0.85795281175
77 23462 -1.287167758125
78 1479 1.536983803375
79 10395 1.925282906375
80 5926 -0.930094584750005
81 1879 -3.692935262625
82 1399 -0.692991471000003
83 1791 -5.572930284875
84 4689 1.620084469
85 146850 0.836212732875
86 8554 -1.0701210375
87 124411 0.780172838624998
88 27107 -1.269388232125
89 8288 -1.208505600125
90 9590 -3.746987712875
91 84869 0.868993131124999
92 23463 1.086618587375
93 604 -0.662001825750001
94 10890 1.03112737175
95 3394 -2.93797402075
96 9781 0.670887865000001
97 51552 -0.821982731500002
98 26275 1.00952339825
99 4000 1.1770997215
100 11027 -1.975453449875
101 4047 0.842546022875
102 8881 0.909754649499995
103 85453 -1.5997274915
104 79768 0.771544350999998
105 79656 -0.519919279000003
106 257169 -1.406902419375
107 1000 -2.063502545125
108 9209 0.601419035749998
109 79364 -0.970495507750001
110 57679 1.4080710515
111 11282 1.241540089
112 56172 -0.751727032375001
113 5588 0.750713710499998
114 114900 -3.550123275625
115 22800 2.296050216625
116 23136 -1.76642270225
117 338811 -1.22685370925
118 55619 -1.60235023325
119 9043 -0.860422409875003
120 57118 0.759006473499999
121 29941 0.930979904374998
122 6651 -0.812510607875005
123 54815 0.605447560375
124 1809 1.371811152
125 79188 0.584119834749998
126 90861 0.824438238874993
127 134957 1.731750224625
128 3075 2.38946121875
129 6711 -1.62031438675
130 11156 1.120779206
131 124935 -0.673369734499999
132 1075 0.990834903124998
133 5897 -1.28795438375
134 266747 -1.470571436125
135 3507 -2.170038312375
136 753 -1.640712406375
137 55092 0.592770885374999
138 3759 -0.903635677
139 4061 1.07790999025
140 57597 -0.929916667875005
141 55536 -0.605490297250002
142 79893 -0.652871784875002
143 115209 1.0049201455
144 3837 0.786360865124998
145 64921 -0.748303070125004
146 9473 -1.203834904375
147 2114 0.747951034999998
148 55363 1.2232320385
149 154664 -0.32403384
150 2965 0.724475519875
151 51191 -1.32199654075
152 4507 0.7254162445
153 203228 -1.107657987125
154 55824 -2.7019617295
155 7490 3.3681726785
156 729230 -0.917261198250002
157 9774 -1.04832405325
158 57223 0.712612145624998
159 10475 -0.725918792624999
160 100505573 -1.537990944375
161 9991 0.753533258750002
162 9975 -1.483898937625
163 148213 -0.70344003625
164 51106 0.816116960749998
165 27102 0.936256424249999
166 10734 -0.476018667000001
167 55784 -1.554348466
168 439949 0.429272299874999
169 23189 1.38657544825
170 112724 1.279225016375
171 79161 -2.245272807875
172 57589 -1.077831800375
173 3295 0.83605443575
174 9562 1.88206156975
175 2054 0.9190816895
176 9581 0.670355856249999
177 5981 -0.651004566125002
178 7942 -0.595919662
179 54682 1.69918471325
180 8801 1.85907912725
181 3133 -0.655654226250002
182 23643 -1.359270059
183 4968 0.599207038375
184 26037 -0.696270425750001
185 79720 0.953875725624998
186 9167 -0.508120136250005
187 129787 -0.627564635250002
188 56647 0.942181860874998
189 162681 0.735938711874999
190 2217 -1.161278383625
191 22807 1.188018443
192 81615 1.092286393625
193 54463 -1.52756819775
194 22841 -0.629021586750001
195 143686 -0.48753147725
196 7102 -0.906454177375002
197 285513 -0.704648678749999
198 11101 0.742641154
199 118788 -0.948973441375005
200 2983 1.317746562125
201 51701 0.815063227124998
202 5833 0.4537951725
203 6670 -0.959150139874998
204 84267 0.953021854999998
205 54440 -1.056078007625
206 56829 -0.968168578250003
207 8065 -0.744644841625
208 30844 1.74937623525
209 11162 0.807961588500001
210 126282 1.147564624
211 10827 0.968632577125
212 6809 -0.628124814624999
213 2824 -1.634817606125
214 93627 1.232140849375
215 3797 0.639120144500001
216 146853 -0.652437061375
217 54838 0.886843422624996
218 7763 -0.576445181374999
219 3155 0.530905531999998
220 22834 -0.849209836874997
221 9821 -0.953370052125004
222 2887 1.30656385737499
223 64801 0.747782568374999
224 5214 0.870269969624999
225 5533 -0.884050479750001
226 55799 -1.000605306625
227 3762 0.53146254425
228 3937 1.06215163475
229 23639 0.602466520999999
230 5481 0.970717401750001
231 127703 0.994493411625002
232 10186 -0.501495171375002
233 55274 -0.942216172875002
234 595 0.3874056035
235 55904 -1.027555484125
236 134145 0.718647447374997
237 22858 -0.627726362875001
238 435 1.202557970875
239 56895 0.719684712125
240 11103 -0.598439135125
241 5318 -1.601079094125
242 3643 -0.948064183125
243 25839 0.636961865624998
244 79071 1.6730961625
245 4082 1.71958544625
246 8195 0.876294743875
247 388228 -0.370594751250002
248 10418 -0.576251402625002
249 23677 -1.875043169875
250 2322 -1.88346355975
251 152007 0.905260234125
252 9969 -0.492987220750002
253 6310 1.091463270125
254 6385 1.168870492
255 93010 -1.305429952875
256 151790 1.62179509925
257 3109 -1.195382263
258 8178 -0.392792937875003
259 375035 -0.690474218624999
260 56961 -0.450903379874999
261 165324 -0.668739394499998
262 3376 0.661479063749997
263 127281 1.390644386375
264 55905 -0.825020156000004
265 284119 1.4742637785
266 5728 -0.783531057625002
267 7325 -1.68435213025
268 65095 0.502468323124996
269 22944 -0.797814480375001
270 79139 -0.734187456625001
271 11311 0.939228846249999
272 246175 -1.144855622875
273 9957 -0.49251752375
274 79805 -1.0714270665
275 11011 -0.744775513125001
276 9788 2.003403934
277 90407 -0.519204706250001
278 84450 0.633083215624998
279 84617 1.4237442005
280 79675 0.853987544624996
281 7014 -0.39702678825
282 54960 0.454920496875
283 9439 -0.707159229375002
284 10550 0.896969251249999
285 121260 -0.766909722000001
286 51300 0.814554425625005
287 55140 0.885777288125001
288 102 0.539407065749998
289 7107 -1.22555186925
290 5079 -2.65194512075
291 81562 0.664148890124998
292 7994 -0.768949879124998
293 122618 -1.24188795325
294 26234 -0.605461847000001
295 57801 -0.74840820975
296 23043 0.987832266374999
297 142891 -0.646790780625
298 84236 0.499535650874998
299 221037 -0.721329653750002
300 339390 -0.48154387025
301 256236 -1.971516461
302 6837 0.472814084874998
303 79590 0.631824571375001
304 91851 -2.3231592035
305 2639 0.710220622749997
306 100861532 2.819271107125
307 6513 1.37762904275
308 9679 -0.533911133125002
309 170482 -0.81945681425
310 92610 -1.007322639125
311 10746 -0.854190046250001
312 100132074 -0.671124263249999
313 23131 -0.710136384750002
314 83642 -1.004868580125
315 5635 0.488779553749996
316 53 0.536015000375
317 94274 1.94523637875
318 9213 0.64974486575
319 91353 -1.50949018475
320 201973 0.657556813374997
321 79665 -0.73191910425
322 56938 0.609295376249998
323 5110 0.860315151124999
324 6309 -0.783361829500002
325 401397 0.798116092125001
326 3423 -1.0202512545
327 79887 -0.68796149125
328 10903 -0.951464523875003
329 5778 0.996706790875002
330 27229 0.328550316
331 50809 0.34709892875
332 7045 -1.543398094
333 5537 -0.443968403125005
334 200558 0.353556059624999
335 2908 -0.985443548125001
336 81627 0.880148154874999
337 1545 4.039324317875
338 54888 0.551781645
339 4300 1.28806253225
340 80263 0.65286547475
341 26053 -0.841358505375001
342 57724 -0.65524768875
343 5898 0.693642203124998
344 51362 -1.00184069300001
345 9563 -0.499480995500001
346 833 0.556891220749998
347 55830 0.961389621624999
348 6059 0.505764317374997
349 5908 0.481588545000001
350 6272 1.21858458475
351 143282 0.646189649625001
352 1965 0.869688995999999
353 10636 0.479500913374999
354 5412 -1.110255059875
355 6416 -0.698671275374998
356 2521 -1.324672376125
357 783 1.3919999785
358 221188 0.925230941000001
359 4050 -1.30511827375
360 84295 0.873993699249997
361 85463 1.528677265125
362 9214 -1.450720825375
363 79654 0.433043781249998
364 56259 0.867347618750001
365 4311 -2.56508407725
366 219972 -1.3375636205
367 3500 -0.426187713625001
368 51009 -0.503454355624999
369 65244 0.958362422499999
370 11182 0.745345423749999
371 6404 1.148807399875
372 9922 -0.620268682625
373 30846 0.754081539124996
374 694 -1.7668877815
375 473 -0.622943887375
376 30845 0.921388392374997
377 3592 -0.643943349375002
378 23059 0.617815460000001
379 3636 0.468026548499999
380 51103 1.083433038
381 4194 -1.17620514425
382 3096 -0.967259403500003
383 7259 -0.469700410375001
384 55835 1.419212055375
385 5600 0.648806138874999
386 10276 0.857271596249996
387 2034 2.465435742375
388 5896 -2.6283070495
389 79960 -0.86526592425
390 4850 -0.529045174625001
391 7455 -0.4765688605
392 9363 1.63634534275
393 148254 -0.56661891575
394 4512 0.416103001249995
395 11001 1.059569913375
396 55313 1.165384672875
397 5800 1.17217123875
398 23708 -0.964140900875001
399 342371 -0.738703453750002
400 5290 -0.523545423625001
401 64131 -0.96923280825
402 9382 -0.313835028875001
403 51338 -0.854656078624998
404 51755 -0.750076572500001
405 55367 0.417016637749998
406 5930 -0.349410522875002
407 339559 0.652987250499999
408 971 -0.664414034500002
409 23547 -0.640320178125
410 140766 0.520143620749999
411 728730 0.606249899999999
412 23376 -0.525422643625001
413 92104 -0.398591419125
414 7006 1.220836504875
415 152137 -1.5266885885
416 255919 -0.892602309875004
417 54841 0.533454945625
418 5090 0.689084144125001
419 6307 -1.036116897875
420 10425 -0.755052026375003
421 586 0.774482922250003
422 10776 -0.792113312874999
423 10801 -0.769035733750004
424 10516 -0.700862298125001
425 1889 0.474391954625001
426 5293 -0.899395397000001
427 7543 -0.688166169125002
428 4929 1.396333842375
429 6352 3.386821839375
430 51526 -0.887952227624998
431 57486 0.786695240875001
432 54502 -1.068469956875
433 100 -0.7225282755
434 400410 0.627293427374998
435 5791 -0.576776694125
436 474344 1.30857117225
437 5965 0.839040252749999
438 51562 -1.2110852035
439 196074 0.5034294615
440 10791 -0.918085041
441 2869 -0.740403897750002
442 1890 -0.617925784000003
443 116028 1.230872404125
444 10044 -0.567447714500001
445 245812 0.71733037725
446 987 0.959984770749999
447 79643 0.632214722249999
448 26586 -0.673014399250001
449 8874 -0.546988115875001
450 93556 -0.482377622000003
451 55711 1.416125132125
452 64135 -0.358031405499999
453 91833 -0.941465062
454 55074 -0.6348045925
455 660 -0.383366238125001
456 9107 -1.013899614625
457 51199 -0.512890480875003
458 2870 0.451885228374999
459 3480 -1.124536794625
460 91433 0.549385536625
461 219902 -0.609904494750001
462 197259 0.8486530035
463 84938 0.851671494124997
464 201305 -1.565208801
465 1534 0.698675433249998
466 391712 -0.3977126345
467 100874291 -0.781494565999999
468 23764 1.13813953875
469 152579 0.558025859374998
470 355 1.445473287
471 7468 0.381422647624999
472 23682 1.14535658275
473 205717 -0.605183975625001
474 4071 2.627006954625
475 200765 0.969164545624999
476 10633 0.630669088375
477 54436 -1.40151076775
478 8825 -0.774457640500001
479 162073 0.523443704124998
480 10479 -0.51693866825
481 64795 -1.1582242025
482 8738 0.521281176874999
483 843 0.544587129499998
484 932 -3.358861409875
485 25927 1.626183423375
486 284161 1.227728524125
487 1870 -0.750129055625003
488 55186 -0.45089737875
489 53335 -0.820854892750003
490 151393 0.718032259249997
491 1070 0.901313898749999
492 112 0.605860156499998
493 2677 -0.809141026000004
494 158228 -0.379762762
495 3164 -0.330539167375001
496 605 -0.779122843124999
497 116236 -0.748373301875001
498 114799 -0.507437354250003
499 92106 0.814606177124996
500 9640 -0.363901535125
501 81796 -0.748270015500001
502 115727 0.6038693045
503 55681 0.888489875749998
504 23252 -0.608260038
505 9282 -0.508768834500002
506 352909 -0.592576632125001
507 7512 -0.517011612500001
508 90806 -0.651852795250001
509 10492 -0.568256555
510 54439 -0.444658505250006
511 64399 -1.074072479875
512 86 1.365304843625
513 22990 -0.47996177375
514 7746 0.898725335999997
515 27334 -0.31770663325
516 6643 -0.692307853625005
517 2180 -0.912689883625002
518 58490 -0.480091188500001
519 158402 1.495762768
520 597 1.86307506075
521 3111 -0.32910513025
522 342926 -0.649157316125001
523 161882 0.609825107999998
524 83985 0.512247675249998
525 130535 -0.459163693625002
526 55568 0.758792292999997
527 27300 0.464838057750001
528 57102 0.541595580125
529 60386 0.711948820124999
530 23169 -0.998164333749997
531 91316 -1.127164408875
532 2885 -0.494630837625005
533 2744 0.631016161624999
534 59343 -0.611261819000001
535 3628 0.764630025625
536 8897 -0.502099370250001
537 5862 -1.21197997
538 9683 -0.607835270749999
539 4705 -0.915473953375001
540 84889 -0.542415207625
541 3122 -1.08858195875
542 64431 0.697550557875
543 973 -1.035888558375
544 84792 -0.607357371124996
545 23313 -0.509241134500003
546 51232 -0.903077942375
547 23096 0.275563565624998
548 100130958 -0.63010723875
549 400713 -0.6334779925
550 10804 -0.697338306750002
551 6767 -0.334334396250002
552 84288 -1.423295445125
553 57154 -0.713519427750001
554 388403 -0.478541180750002
555 6477 -0.799601549625002
556 4839 0.639588547874999
557 155435 -0.723414502375002
558 57182 -0.778026218375001
559 3662 -1.029480491
560 25989 0.469189214625
561 2288 0.74657094975
562 5527 -0.696743967999999
563 285753 0.450126957375001
564 57580 -0.910344436625003
565 2618 1.030436171125
566 23228 -0.750442602250001
567 2539 0.789686198750001
568 54210 -1.725437186625
569 203522 0.841859000125
570 4298 0.353322855499997
571 11076 0.956562374999998
572 9728 -1.29364274125
573 1182 -0.609608237249999
574 26100 -0.547297844625003
575 23317 0.560900986499998
576 974 -1.746734125375
577 6654 1.063468047
578 6646 -0.927056170875003
579 5125 -0.490660151875001
580 153643 0.978774780499998
581 112812 0.424171220499998
582 4924 0.563811331999998
583 55344 0.776103517249997
584 79830 0.848454521374999
585 2623 1.032261464125
586 1602 -1.113656563875
587 128637 -0.593620746625001
588 64231 -1.601037833375
589 9931 -0.361608160875001
590 54869 0.492288675125
591 27248 -0.900142248875003
592 64420 0.664616823374999
593 11278 -0.638907893250001
594 26098 -0.485597005750001
595 80218 0.537674031249999
596 375743 -0.568854676749998
597 54984 0.366925680874999
598 7200 -1.05128598975
599 79979 -0.581084946375
600 22837 -0.913838800125001
601 222255 0.361260256874999
602 5663 0.609554911874998
603 8731 -0.587385074625001
604 54865 0.913645730999997
605 10777 -0.743589890000002
606 6510 0.620192763500001
607 23299 -0.638735510750002
608 401548 -0.842176426500002
609 6300 0.627142054624999
610 440574 0.368374219124999
611 2549 -1.37207350575
612 64145 -0.583134293125001
613 63895 2.1619662655
614 100507316 0.843811411125002
615 127933 -0.431841223125002
616 11160 0.416134143499997
617 161582 0.627188809999999
618 79745 -0.510074126125001
619 10257 0.656697490124998
620 10196 0.652764563499998
621 4913 0.624656912624999
622 51176 -0.294103932250001
623 7844 -0.9615536015
624 57599 -0.668188091125
625 9898 0.436166808374998
626 51271 -0.572982314500003
627 89845 0.805965148499998
628 10910 0.957450411875
629 7753 0.642645804
630 2213 0.352194046874999
631 221662 -0.485508480125001
632 66008 0.915902101625
633 9570 0.461731265499999
634 56983 0.512977786625001
635 6878 0.559907068499999
636 101926978 -0.347619127875002
637 3976 0.641127196375
638 9678 0.890349731249996
639 11056 -0.381325386375002
640 4852 -2.313372263375
641 23635 -0.417802329249998
642 51320 -0.48723956025
643 27244 -0.766452791625001
644 10427 -0.450142143625001
645 8871 1.101809453375
646 57038 0.537163024125
647 54861 -0.773275405874999
648 83737 -0.651681100999999
649 382 0.342404931499999
650 101927204 0.286428318249998
651 664 1.19225898675
652 26043 -1.211069520875
653 9231 0.936939011874999
654 79714 0.620432537124999
655 54941 -0.794549568624998
656 387914 -0.832627531750001
657 100129195 0.334063656625
658 2272 -1.2154248475
659 7566 -0.455056652375002
660 55752 0.798174304874999
661 3106 -0.445215728750002
662 51279 0.695287684
663 4673 -0.469446752500003
664 3572 -0.329356517000002
665 191585 0.323640184499998
666 26099 0.615766364125
667 8209 0.559988676250002
668 4638 -3.018788160625
669 25893 0.543924646874999
670 3557 -1.271403183125
671 54665 -0.630382897499999
672 4928 -0.8046839785
673 64776 -0.800928718125004
674 5567 0.457396742499995
675 3134 -1.000275201375
676 124460 -0.582714436625
677 8087 -0.356726438875
678 130502 0.469392113750001
679 23047 -0.685685606000002
680 100506730 -0.477918200625002
681 7319 -0.879224303625001
682 140685 0.530276462875
683 948 2.687391637125
684 9837 1.230414578375
685 28461 -0.488333052625001
686 2260 -0.43620176975
687 3842 -0.569800560875006
688 81602 -0.766658094999999
689 117854 1.3404382725
690 1781 0.715822875499999
691 9846 -0.740615121875004
692 64326 0.405538339249999
693 5925 -0.469214262375
694 10261 -1.102413888
695 1543 1.80044365675
696 2182 0.278200142249999
697 7403 -0.525037271625001
698 89781 -0.931155521375002
699 283518 -0.574541645125
700 1962 0.901697770375
701 64288 0.473323128874999
702 4779 0.380474256749997
703 10291 -0.564428074750003
704 26224 -0.871318571749997
705 11176 -0.598413837249999
706 1728 0.731714207124996
707 3958 1.570391907875
708 126731 -0.825652750374999
709 9169 -0.802219141625002
710 29072 -0.529562844625003
711 1857 -0.397172179625002
712 120 -0.791492089625004
713 55236 -0.318224008250002
714 4772 0.926639111624997
715 221421 -0.241806322375001
716 23344 0.726673567124998
717 7005 -0.339862286625001
718 81888 -0.39947245975
719 78991 0.521896222625
720 1776 -0.658674465750001
721 56925 1.107343860125
722 23176 1.3944920765
723 6173 -0.595151628875001
724 23471 -1.086812596
725 26230 0.657176075624998
726 93109 0.669396520874999
727 401207 0.669226738999999
728 10478 0.508329136125
729 9145 -0.582913004750002
730 84274 0.704214298249998
731 79572 -0.532795193000002
732 646576 -0.845691192875
733 641977 -0.438987030000002
734 6122 -0.249506242499997
735 51430 -0.779815696874998
736 57466 -0.778424897625002
737 9743 -0.938299350875001
738 2166 -0.72746318275
739 9050 0.897359216624999
740 64407 1.65198734475
741 64180 -1.083400399875
742 3384 1.020834841375
743 1663 0.497214186624999
744 118881 0.452217431375
745 9321 0.495663744124998
746 222487 0.572817359500002
747 122060 -2.036626462125
748 6018 -0.906260627125004
749 6293 0.568403097749998
750 7419 0.531923341249998
751 25900 0.309431514499997
752 100505564 -0.419120153750002
753 153768 0.418263615749996
754 8732 0.3367452285
755 80854 -1.03617997975
756 2161 0.593371477375001
757 5337 1.02035703475
758 6039 -1.736952339875
759 80862 0.55711231875
760 50485 0.578115858874997
761 84062 -0.451096255000001
762 79739 1.002840991
763 7168 1.679586415125
764 9255 -0.431370821250004
765 9866 0.450094711374998
766 6281 1.980090137625
767 57492 -0.430158593125002
768 9217 0.447601361874996
769 5955 -0.499315196250002
770 831 0.562246771750001
771 64423 0.332389389624999
772 10069 0.608959102375
773 55512 -0.275030573250001
774 493753 0.673097325124997
775 118672 -0.846350251
776 146198 0.537429196874998
777 51603 0.700462400624999
778 29929 0.590141119874998
779 7076 0.912644064375
780 55958 -0.483314307500001
781 3741 -0.429248914
782 54675 0.709771021499997
783 3646 -0.846439848000001
784 8852 0.331051659374999
785 8405 0.312887642624998
786 8028 0.378362109499998
787 3459 -0.847689785875001
788 2620 2.92609276575
789 54963 0.480828561749998
790 652995 0.260977174624998
791 3537 -0.672817221875001
792 91283 -0.603707738375002
793 767 0.308720039999996
794 5899 0.845089590624998
795 136306 1.221760282125
796 27429 0.609842978499998
797 10491 -0.580063790500002
798 9054 0.550628751625001
799 55351 -0.836910369124999
800 8519 1.858597793375
801 219931 0.807847584874999
802 253461 -1.234032016
803 60492 0.498898191874996
804 55652 0.679097990374999
805 85026 0.404467603125
806 2581 -0.77157564125
807 56941 -0.4023636355
808 5742 1.079397421125
809 84984 0.663893531499999
810 2643 0.90249167675
811 100130428 -0.518422635374999
812 10220 0.520597701124997
813 79843 0.585028986375
814 114826 0.426672934875
815 7328 -0.815991663875004
816 7852 -0.969158055000003
817 199675 -0.875127674375
818 11251 0.390985677749998
819 6814 0.312257487749999
820 55284 -0.753060832625001
821 5970 -0.430729959500001
822 130074 -0.366798225375003
823 51605 0.839129238875
824 55915 -0.534875541249999
825 9698 -0.512760062750001
826 7326 -0.758685534875003
827 3215 0.716297004499999
828 400506 0.506327537125001
829 3680 0.982725426249997
830 84259 0.290584099249998
831 8125 0.403277519
832 1968 -0.543822200125001
833 221472 -0.615784593625
834 344558 -0.603517189125002
835 150864 -0.8330463515
836 25949 -0.59136244025
837 8328 0.757913942249998
838 10240 0.962140643124997
839 2688 -0.457230410375002
840 3783 0.610948192874997
841 64645 -0.831892217875001
842 163590 0.493533802375
843 2768 -0.658428400250004
844 284207 -1.109305758375
845 255488 -0.370121483750002
846 113220 -0.364769681750002
847 7441 -2.53049058125
848 11015 0.623263443249999
849 97 0.637970973125
850 334 -1.382267749375
851 80830 -0.636484346625
852 55773 -0.433520880250001
853 116254 -0.683184790125001
854 22980 -0.373978856250001
855 302 1.30703303725
856 83786 0.68727769
857 1536 -0.599137668750001
858 84335 0.367179773374998
859 136 0.795722815624999
860 8667 -0.388306410000002
861 100129482 1.169569313
862 3176 -1.25800332575
863 29915 -0.358614432250001
864 9453 0.669684282875
865 9530 -0.703926795875002
866 8609 -0.73033562525
867 9934 -2.573574060625
868 6877 -0.650881091375
869 93380 -0.885224434875001
870 6655 -0.375183471625004
871 5498 0.567482406124999
872 100506710 -0.671172477125001
873 10283 0.789665911625001
874 79096 0.691719478749997
875 54919 0.658168531249999
876 619279 -1.389974445625
877 124808 -0.508414467250002
878 130872 0.569262053624998
879 55707 0.467027683999998
880 57125 -0.255576454375002
881 27115 0.6157523215
882 317662 0.6005479135
883 55240 0.731376102125
884 101928403 -0.465026697375
885 79991 0.381478483375
886 126626 -0.301908039500002
887 4221 0.60328645925
888 5599 -0.650221803500001
889 66035 -0.547808234124999
890 10402 -1.532722419875
891 7727 0.6441094635
892 29922 0.944535224999999
893 3267 -0.54733059
894 23216 -0.452101454000001
895 768211 -0.909741366249998
896 7095 0.723877409
897 57415 -1.8429657345
898 166929 1.1151083275
899 207063 0.377009106499998
900 8635 -0.963154063625003
901 6335 2.04895537875
902 9124 1.62334473725
903 16 0.519749646625
904 3476 -0.333993649125002
905 8743 -0.877956198250001
906 8853 1.19885333975
907 100128751 -0.336119335875002
908 140775 -0.663897792500002
909 84282 0.491159511874999
910 11079 0.519688659375
911 81858 0.327424064874998
912 64115 0.654839683625001
913 115350 -0.379763459875002
914 79710 -0.43954852775
915 144571 0.986008275249997
916 83734 0.658468143625001
917 58494 -0.968651208499999
918 7088 -1.016786354625
919 57612 -0.860724741625
920 10927 -0.469488966875002
921 81618 -1.128503573625
922 55500 0.496195004749996
923 26094 0.4045809415
924 25994 0.604477778874999
925 7265 0.621286984999999
926 85403 -0.772250453875001
927 195828 -0.803641680375001
928 60468 -2.005063167
929 158830 0.867411431374999
930 79595 -0.579293146874999
931 286 0.870064260874999
932 1374 -0.690261111750001
933 1289 -1.155489721375
934 84276 0.384866929374995
935 63929 -0.730995929750001
936 10605 -0.672662059624999
937 112495 0.66336297
938 55249 -0.436257159750005
939 57683 -0.378741236500002
940 340152 -1.62404114075
941 7060 -0.702638379500002
942 441478 -0.666430935750002
943 9870 -0.590533787250001
944 89766 -1.355933552875
945 51084 -0.507054310250002
946 8161 -0.790985381500001
947 6907 0.9889548585
948 9322 0.624925918749998
949 50840 0.729974197999999
950 9760 0.540664291249999
951 101928419 0.685490788749999
952 1796 0.325848111625
953 51363 -1.776810509375
954 4644 -1.129874178375
955 100652853 0.42284263225
956 24147 -0.42081490975
957 27086 -0.348219849500002
958 8367 0.619692929125001
959 8559 -0.61143932375
960 23564 -0.562827261250003
961 51657 0.473041400999998
962 56265 0.530509721124998
963 11014 0.579583070874998
964 51400 0.343153206249999
965 93436 0.411776382749999
966 57596 0.558581632625
967 55252 0.481642965624999
968 2872 -0.860835768250004
969 51496 -0.718189321624999
970 10758 -0.430437934124999
971 27040 1.62694869125
972 24149 -0.550897154750001
973 7059 0.754823401625
974 54969 0.708556092375002
975 5295 -0.773969233250002
976 9767 -0.584835407125
977 55748 0.590047814750001
978 23443 -0.589398709625
979 7562 -0.667185106875003
980 90952 0.689889919749999
981 92105 -0.436172120500001
982 148823 2.01164870425
983 10681 -0.87100117375
984 196 0.637219600999996
985 340061 0.509007558999999
986 63892 0.569465223749999
987 4069 -3.419778531875
988 55037 0.447400930249994
989 10020 -0.679377329625
990 65986 -0.927452890500003
991 29896 -0.423406253750001
992 23231 -0.57195005725
993 200845 -0.831230427125004
994 8864 -0.360409328375
995 22931 -0.784792498375001
996 64376 -0.434758312375003
997 55353 0.946120429999997
998 222194 -0.546295834000005
999 89910 0.493087609499998
1000 26123 0.377198783999999
1001 64081 -0.20606068
1002 1942 -1.250591452
1003 2736 0.652280858874998
1004 29985 0.341374797374999
1005 2624 0.729932028000002
1006 51741 -0.335462057249999
1007 340348 -0.617194254875
1008 100125288 0.396907828250001
1009 131870 0.376569025499999
1010 55812 -0.418132825125002
1011 23380 0.593333236499999
1012 80227 0.762245337374999
1013 147699 0.309927093000002
1014 5611 -0.607286443374997
1015 4205 -0.659443154250002
1016 9840 0.852080720374998
1017 84726 -0.29090551525
1018 8324 1.112247025625
1019 1523 -0.331958025125001
1020 339745 -0.559195811124999
1021 9927 -0.295062186500002
1022 27143 -0.644769292125001
1023 9665 -0.898175594375003
1024 56851 -0.309936607624998
1025 84100 0.457528002625
1026 8611 0.924565238999998
1027 6867 0.491725653750002
1028 93081 0.811087184625002
1029 3732 0.547098101499998
1030 257019 -0.254032234000002
1031 2273 0.5811262175
1032 8527 -0.491604285125003
1033 4355 0.2432139085
1034 9820 0.265303184249999
1035 3146 -0.65421714875
1036 91452 -0.842254170750001
1037 23469 -0.450471116625002
1038 3298 -0.6646271095
1039 339862 -0.54527829375
1040 2047 -0.242556679500001
1041 10962 0.611693957999996
1042 158326 1.797979636625
1043 80351 -0.640289558500002
1044 89883 0.288569337374999
1045 140733 -0.806835900499999
1046 7916 0.364051287625001
1047 23275 0.343950823249998
1048 9569 -0.392659261375
1049 54862 0.454169789249998
1050 84273 -0.350257267375
1051 23318 -0.443128961000003
1052 7041 1.334342473125
1053 23595 0.560493343874999
1054 6615 -0.549797021375002
1055 933 -0.563792639875002
1056 5921 0.829745558625
1057 23168 -0.485005008125
1058 10211 0.404370021
1059 3683 -1.247551768875
1060 25897 -0.512691214750001
1061 7381 -0.5904005545
1062 53981 0.443370766625
1063 349136 0.857039044374998
1064 5939 -0.567347156000001
1065 51027 0.440382641499999
1066 1520 -0.830900929125004
1067 7430 -0.910208890625
1068 6494 0.389464896499999
1069 113115 0.901190800499996
1070 57684 -0.443578450375001
1071 79670 0.561866102375
1072 54887 -0.339521730125004
1073 94241 -0.263955542500002
1074 4735 0.587545223749999
1075 29780 0.812101157624998
1076 131566 -0.766224421
1077 91775 -0.5256929705
1078 2635 -0.885055928375001
1079 4086 -1.295399872375
1080 7456 -0.600755697375003
1081 144699 -0.279113540875001
1082 153241 -0.380030295375001
1083 23272 0.622380628124999
1084 55930 -1.306770394125
1085 11238 0.370964572249999
1086 6146 -0.330164667500005
1087 81839 0.484488517249998
1088 6314 -0.544935989750002
1089 79140 0.689388915250002
1090 3574 1.0164708895
1091 7078 1.302344682875
1092 3559 0.798196103374998
1093 374 -2.028855589375
1094 4151 -0.310406048250001
1095 3615 -0.385917833750002
1096 10042 -0.487749350500001
1097 23607 -0.552652198000004
1098 55052 0.472889418374997
1099 4682 -0.793296291500003
1100 54883 -0.439072530375002
1101 57476 -0.678441105625
1102 901 -1.161628632875
1103 9451 -1.1961293525
1104 25978 -0.692463810749999
1105 101929609 0.316469107999997
1106 157680 -0.270291172000001
1107 7349 0.551937719874999
1108 56606 -0.4273898745
1109 3161 1.190602474125
1110 9315 -0.7883380925
1111 8888 0.468575969499996
1112 145788 0.354255423
1113 105376379 0.265503307499999
1114 9048 0.550145558374999
1115 673 -0.792891050375
1116 5130 0.246105746
1117 2665 -0.209636745000001
1118 8942 2.336135810125
1119 55279 -0.517173576500003
1120 3716 -0.482504432250003
1121 60485 -0.504249827250002
1122 83605 0.603393281374998
1123 10325 -0.384683351250001
1124 2033 -0.4802715575
1125 23167 -0.64053389725
1126 5927 -0.4381832775
1127 57222 -1.024230298875
1128 10955 -0.507370869125001
1129 56605 -0.958637418750001
1130 120103 -0.694780687875001
1131 6238 0.5225541185
1132 387921 -0.734999967000001
1133 6905 0.686009585874999
1134 83452 -0.566229862625
1135 57326 -0.859681410375004
1136 79760 -0.269984787375001
1137 100506606 -0.383271034624999
1138 100507254 -1.197387542625
1139 5662 0.294193484749999
1140 2683 -0.487637800124999
1141 7096 -1.16258616975
1142 57214 -0.600061020375
1143 84803 1.947548652625
1144 3108 -0.974385259500002
1145 55421 -0.422491858125002
1146 10097 -0.493961404750001
1147 8493 -0.549370562875
1148 129285 0.622243335874999
1149 10556 -0.479054926750001
1150 9318 -0.494115946250004
1151 10908 0.867900542
1152 101928068 -0.345908628874999
1153 596 -0.716190813000001
1154 23613 0.788111580624996
1155 55683 -0.306181822
1156 2057 0.467547434625
1157 23355 0.428877283375
1158 54900 1.17991357175
1159 7075 0.673652466249999
1160 7113 0.243666511874999
1161 51761 -0.416808156875001
1162 5894 -0.496617028999998
1163 10320 -0.7754325575
1164 50856 -1.266558232875
1165 1436 -0.782102060000001
1166 80714 0.560656942250001
1167 3604 0.673830967749999
1168 3383 -1.097097607625
1169 7415 0.411791669250002
1170 963 -1.34824041175
1171 3104 0.582106432750002
1172 269 0.317328108375
1173 54464 -0.424728945375001
1174 6850 -0.621046505124999
1175 3633 0.421712627249997
1176 23020 -0.479255261375004
1177 23306 -0.49382023475
1178 865 -0.401239760999999
1179 79834 0.460849609249999
1180 2803 -0.370013418375006
1181 79174 -0.589074113625006
1182 55355 0.917163312749998
1183 6621 0.376734598249999
1184 2181 -0.628764466375001
1185 26130 -0.438041543875
1186 55787 -0.582828494000003
1187 662 -0.680026356375
1188 25901 -0.386439069500003
1189 3674 1.40160416175
1190 8509 -0.396374610624999
1191 1435 1.19761667075
1192 8565 0.582752872499997
1193 2289 0.863436493249997
1194 4091 0.672769305625
1195 1387 -0.47434218775
1196 23032 -0.616244372625001
1197 81846 -1.14235605025
1198 27314 -0.519541863000001
1199 51226 -0.319160438125
1200 56913 -0.255890783125001
1201 9338 -0.262667820875002
1202 8835 0.955228412499999
1203 54944 -0.257795244500001
1204 51236 0.456029089374998
1205 56521 0.759716672499999
1206 9674 -0.454020871875002
1207 389206 0.20937371375
1208 4066 0.505133163124997
1209 25836 -0.507024833999997
1210 113655 0.553568927249997
1211 84669 0.328317967624995
1212 1112 -0.646192296750004
1213 23215 -0.464886691875
1214 93058 -0.516047700624998
1215 54893 -0.734319053999998
1216 10009 -0.467441952625006
1217 55650 0.450343648125001
1218 51029 -0.516379645875
1219 51434 0.483996179875
1220 79080 0.814115288
1221 54799 -0.567626945000002
1222 80142 0.350945906124998
1223 2319 0.482800094375001
1224 158880 -0.4121489205
1225 8723 -0.563349789749997
1226 89796 -0.618545563250001
1227 56890 0.689900588874998
1228 942 -0.881052543625001
1229 163051 -0.958373094625001
1230 1841 0.266564102999999
1231 144481 0.887584264375
1232 23468 0.741191086874998
1233 30011 -0.560875864125004
1234 55108 -0.628441587000003
1235 57212 0.372275993499999
1236 1513 0.797432345624998
1237 57817 -0.379390800125002
1238 5645 -0.84111138625
1239 57148 -0.5026227775
1240 5345 0.352709128249998
1241 2063 0.769629759374999
1242 79042 -0.570876144750002
1243 26065 -0.406486258875002
1244 253558 0.624368829249999
1245 1153 -0.415634367500003
1246 827 -0.260566036250001
1247 26519 0.830221504375002
1248 51601 -0.593783872875002
1249 10772 0.634124889875
1250 23389 -0.735435257750002
1251 2029 0.368098048124997
1252 57187 0.580901431749998
1253 10694 -0.511638283374999
1254 440603 -0.295874201250002
1255 222166 1.168139346375
1256 22868 0.387467499124998
1257 9792 -0.516754287250002
1258 10885 0.646391851374997
1259 259282 -0.545863560250003
1260 163049 -0.603070913125006
1261 8717 0.258277642249999
1262 26267 -0.340905879125002
1263 59345 -0.533617044625
1264 23473 -0.628674226875
1265 26018 -2.15401150875
1266 2976 -0.415606164375003
1267 6402 -1.87351936175
1268 6595 0.405554142249999
1269 29109 0.452585598
1270 440465 0.864846432375001
1271 11329 -0.589769370875
1272 166968 -0.823277133500001
1273 9252 0.643669514875
1274 132001 0.677084063374999
1275 100505894 0.477895160874998
1276 8562 0.417740371249995
1277 8812 -0.292234231875003
1278 57558 0.402057072749998
1279 199990 0.261535350624999
1280 54708 -0.456399169000001
1281 84945 -0.809649327375002
1282 8795 0.277683776375
1283 388588 0.563514226999997
1284 10060 -0.1964620995
1285 29774 0.239815016624999
1286 7782 -0.572335202250001
1287 6772 0.570357377875002
1288 5917 0.414113218375002
1289 4548 0.642161198
1290 2820 0.697114517750001
1291 55175 -0.450660600875
1292 93986 -0.293228027875001
1293 375190 -0.531377899750001
1294 55197 0.550715276249997
1295 6752 0.535464427375
1296 8444 -0.573642547875
1297 4676 0.424728518624999
1298 8100 0.601044284749997
1299 2776 0.405191707124997
1300 1104 0.3811288805
1301 6482 -0.538737092000002
1302 25776 0.482868432374999
1303 79752 -0.521641765375
1304 94015 -0.854548687875001
1305 55601 0.6403557995
1306 6775 1.13798650575
1307 7789 -0.771889493874999
1308 9669 0.7152853855
1309 102606465 0.667548300375
1310 55361 -0.511661342875002
1311 1832 -0.295378817499999
1312 11037 0.854762630374998
1313 55090 -0.466866261750001
1314 283737 -0.290590959875001
1315 166614 -0.428044176000001
1316 23266 -0.212763882875002
1317 5062 0.230803357125001
1318 7582 -0.603996234750001
1319 84900 -1.02992232
1320 93487 -0.323600482500002
1321 6138 -0.321237877500007
1322 100129917 -0.838726845499999
1323 27327 -0.554252007000001
1324 5378 0.837435827499999
1325 6428 -0.468335324875
1326 23091 0.560131926624998
1327 23593 0.255182470749999
1328 57824 -1.437286999875
1329 2673 -0.568842288374997
1330 54979 0.270159190124999
1331 57602 -0.511415800625002
1332 27032 0.475548687000002
1333 10944 -0.51068283125
1334 79982 -0.65394884325
1335 11039 1.127811650125
1336 221955 -0.61359736525
1337 100507065 -0.182892411625001
1338 29081 0.415376769499998
1339 9324 0.462904841249999
1340 2098 0.395305491874999
1341 92335 0.292115869124997
1342 54826 0.585256503499998
1343 6337 -0.238564498250001
1344 57403 -0.811547228375002
1345 92906 0.850167939499999
1346 51805 0.459389658625
1347 23475 0.516924500749996
1348 78996 0.49113499425
1349 8573 -0.368798459874998
1350 55691 -0.223978678250002
1351 9920 -1.1220850395
1352 29851 0.520411915874998
1353 6546 -0.356442446125001
1354 56905 -0.580905058375
1355 1677 0.659143623
1356 79753 -0.598019052250005
1357 2355 -1.135277542375
1358 6251 0.432687164124999
1359 150465 0.488611790874999
1360 5685 0.480358113750002
1361 55758 -0.624939390375003
1362 8459 0.832908575125002
1363 284611 -0.572794307500001
1364 3080 0.683807369374999
1365 79037 -0.509974058625001
1366 2004 -0.279931611874999
1367 57111 -0.218535630875001
1368 11078 -0.574872124125002
1369 55769 -0.598585364250001
1370 9508 1.065254196875
1371 84964 0.518202492374999
1372 25896 0.72146183275
1373 8739 -0.348053572625001
1374 23191 0.484593452999999
1375 152002 0.480071275124998
1376 7551 0.27639296625
1377 79648 -0.865142593875002
1378 5453 -0.294095862000002
1379 58504 1.08359964525
1380 11201 0.30781066
1381 686 0.389347317249999
1382 79034 -0.461018792375002
1383 4835 0.678957736500001
1384 128346 -1.0483520055
1385 57121 0.607161291249999
1386 55190 -1.687261009875
1387 84937 0.5974055715
1388 29097 0.368372559250001
1389 1238 -0.219620214250001
1390 358 0.349056359624999
1391 1540 -0.989385958375002
1392 25948 -0.787397775875001
1393 10755 0.3059867685
1394 116173 0.644157702749999
1395 54899 -0.750428248375001
1396 23184 0.402484681499999
1397 114885 -0.423831917500002
1398 729224 0.251545238374999
1399 80709 -0.591887128625002
1400 158067 0.294107188250001
1401 51375 -0.496719795375
1402 8021 -0.268648195625002
1403 7015 -0.290358037375
1404 540 1.332336251875
1405 10589 0.534312442000001
1406 51594 0.376644525249995
1407 9334 0.635532963125
1408 4776 0.419530406
1409 80851 0.350381510499998
1410 22984 0.43409246525
1411 9392 -0.628838914000001
1412 90120 0.43286057175
1413 4067 0.327612876249999
1414 1645 0.648398212374998
1415 51095 0.691353133000001
1416 9047 0.506417339749998
1417 23283 -0.617144905500002
1418 641518 -1.04698649875
1419 94239 -0.623423273500002
1420 9953 -1.883017261375
1421 6653 -0.915249467625003
1422 9940 -0.258473111624999
1423 79913 -0.302615836625001
1424 23400 0.335015741124998
1425 54494 0.522295515499998
1426 825 -0.602174820625
1427 100652772 0.447214794124998
1428 84281 1.496646822625
1429 54039 -0.327524380750002
1430 23450 0.384263015374998
1431 29799 -0.392856924375001
1432 5199 1.015431859375
1433 152006 -0.719880983125002
1434 8760 -0.286672701875001
1435 8894 0.455189496999998
1436 5863 0.669414388374994
1437 3308 1.09322250525
1438 729991 0.606991558374998
1439 25977 -0.620313614625001
1440 8495 -0.313503311000001
1441 9540 0.804990641124999
1442 10443 0.701443571374998
1443 84146 -0.660655482625003
1444 83733 0.21559389425
1445 79607 0.6197328795
1446 56181 0.39361783
1447 6936 -0.815589966375002
1448 3113 -0.939840554000003
1449 6452 0.233638449124999
1450 6988 0.5018417225
1451 6934 -0.752275387375001
1452 100506851 -0.341850368125001
1453 22861 -0.382055479500001
1454 80230 0.954341213874995
1455 81926 0.365531754874999
1456 10724 -0.557126800249995
1457 51130 0.808901405374997
1458 9814 0.581085068249998
1459 63935 -0.642271030374999
1460 9734 -0.762874210125001
1461 388407 -0.216235574
1462 84079 0.782678983499997
1463 5007 -0.450082437500003
1464 5797 1.602284187625
1465 51093 0.499054712124997
1466 84680 0.987213104000002
1467 84287 0.70485947325
1468 10006 -0.674695343875005
1469 26054 -0.807653048125
1470 5646 -0.296159117
1471 143384 -0.539653329250005
1472 27090 -0.477878050875002
1473 7508 0.327656554124999
1474 9173 1.038853893375
1475 6625 0.501481236374996
1476 7507 -0.78854384525
1477 30001 -0.625659000375002
1478 7091 -1.44406794775
1479 23019 0.374032148
1480 54556 -0.977538014875
1481 5549 0.245701704749997
1482 9971 -0.346385494125001
1483 51000 0.893955255499999
1484 10302 0.447385526999996
1485 7760 0.261646320624999
1486 5321 1.06070636275
1487 113251 0.671649771874999
1488 147841 0.455245041749996
1489 4147 0.404098939249998
1490 112483 -0.641918294124999
1491 23316 -0.587704640875
1492 316 -0.496997959125001
1493 152206 0.500459183249998
1494 2981 -0.204557482624999
1495 55589 1.477644351875
1496 7422 1.480092437875
1497 58190 0.329711929625001
1498 379 -0.248306725
1499 51742 -0.78266094
1500 11222 0.466734129999999
1501 64398 -0.563784752
1502 9525 -0.528395969875008
1503 6295 -0.188270292625001
1504 10063 -0.443955777500002
1505 90665 0.233477672999999
1506 1840 -0.386921560499999
1507 1636 0.494614931874998
1508 100131043 -0.327585272125003
1509 84838 -0.333857535250004
1510 51752 -1.32182414625
1511 6518 -1.035039896
1512 79731 0.564886209875
1513 113510 0.736846184750001
1514 1488 0.392521570874997
1515 2281 1.05757971725
1516 7024 0.507985952374999
1517 5504 -0.664932140375001
1518 283788 0.3466126105
1519 10380 0.594611051875001
1520 80314 -0.663641806875001
1521 55788 -0.476996666125
1522 6324 0.422811251499998
1523 51520 0.431188004999997
1524 147015 0.376197715499998
1525 81790 0.302434922375
1526 51537 0.734207373749999
1527 256691 2.169069072
1528 140901 -0.344967769874998
1529 51696 -0.774116525000002
1530 2026 0.938423158499998
1531 100287932 0.236306977875
1532 64783 -0.465354260000002
1533 23092 -0.504546121500002
1534 57106 0.333781004875
1535 2192 -0.299122878749999
1536 80273 0.702382289999997
1537 51061 -0.520252727625001
1538 9857 -0.716893506125002
1539 4800 -0.696961628875
1540 55937 -0.575936413375
1541 51517 0.367427988249998
1542 5621 -0.551946697875002
1543 24138 -0.612334191250001
1544 6788 0.523226224374997
1545 665 -0.5829719575
1546 83478 -0.285014733875001
1547 147650 0.6251922425
1548 80778 0.630552926125
1549 6717 0.6909068525
1550 7056 -0.271409027625001
1551 5873 -1.1092085825
1552 9061 0.4764075825
1553 8660 -0.725547393124999
1554 6558 -0.494523804250002
1555 83464 0.425871759500001
1556 9516 -0.879475464624999
1557 9120 -0.315562741875
1558 1021 -0.302457456875
1559 10875 -1.0871623135
1560 587 0.438152764499999
1561 81855 0.413991509749996
1562 3718 -0.790729059374998
1563 11342 -0.345629577750003
1564 196743 0.438232735874998
1565 10125 -0.543978385249999
1566 90624 0.667560034499997
1567 3140 -0.92432528075
1568 6924 -0.36830403725
1569 29775 0.446107044749999
1570 219790 0.237158440249999
1571 58986 0.566686564624998
1572 147011 0.398864027499999
1573 100113407 -1.507541084375
1574 27306 1.389814897875
1575 4149 -0.587114029625003
1576 83440 -0.383141789500002
1577 648987 0.219607699875001
1578 79759 0.533766316249997
1579 5154 -0.424041232
1580 80167 0.346633105124999
1581 150381 0.527496931375001
1582 23481 0.341732556249998
1583 400949 0.378134320374999
1584 79640 0.229749442374998
1585 64318 0.752594765874997
1586 58513 0.545279578499999
1587 155061 -0.577074551000001
1588 10090 0.234190400249998
1589 282809 0.401673573375
1590 8837 0.35749206075
1591 10440 -0.363837376250006
1592 535 0.390369146249997
1593 9817 0.457161721124999
1594 4791 0.421133939625002
1595 6817 0.826273103875
1596 10818 -0.685921880500001
1597 1028 0.995424075374998
1598 202781 0.501479116
1599 617 0.545721090749996
1600 7716 -0.801347373375002
1601 389834 0.257594214249998
1602 85414 0.537443242499998
1603 142679 0.25699579575
1604 51301 0.242609735374999
1605 55278 -0.360438449500001
1606 284759 -0.284905028625
1607 117145 0.731901700874999
1608 23308 -0.745479410250002
1609 3709 0.694254221
1610 376267 0.585513726499997
1611 168544 0.737026722124999
1612 6886 1.2082526435
1613 148545 -0.274896275250001
1614 6596 0.6532107095
1615 4804 -0.253842506000001
1616 5095 0.624030540499999
1617 54014 -0.655494554875
1618 100996590 -0.304655548625
1619 10284 0.646214364499999
1620 9695 -0.761519738250001
1621 89876 -0.250079754000001
1622 256764 -0.174014121250001
1623 92797 0.608537761250001
1624 788 0.602714418374998
1625 100859930 0.351203585249997
1626 7464 0.448355651624999
1627 405 -0.314863270875001
1628 231 -0.772979522125
1629 57120 0.329437944624999
1630 2264 -0.196418131375001
1631 23505 -0.251699922875002
1632 11255 -0.337808729125
1633 10040 0.417203898249998
1634 79363 0.425562214375001
1635 54732 0.530924194749998
1636 11154 0.32946672325
1637 54207 -0.404277394625002
1638 163859 -0.599933041250003
1639 84775 0.262743500624999
1640 10286 -0.463720405125002
1641 55128 0.362013205000001
1642 135398 0.550012202624999
1643 51538 0.462409276249999
1644 23673 -0.611878875124997
1645 3339 0.69980324375
1646 84168 -0.209671046125001
1647 2140 0.504490776749998
1648 8704 0.385773655749999
1649 23307 0.367521786374997
1650 6585 -0.293097467125
1651 9653 0.609010828999999
1652 139322 -0.391356200000002
1653 4808 0.176611140749999
1654 7188 -0.550210461625001
1655 7957 0.517945275375001
1656 148223 0.477089481749998
1657 55010 0.367983360125
1658 4299 -0.569829969999999
1659 112399 0.343576774374998
1660 55704 -0.665183444875002
1661 22882 -1.1818274995
1662 10564 -0.332387808875001
1663 55544 -0.612716477
1664 3799 -0.443787586000001
1665 51667 -0.469614203875
1666 51263 0.447060756874999
1667 399879 -0.322275378125001
1668 57189 -0.580373932500002
1669 3386 0.810226579749999
1670 4097 0.338185195125
1671 412 -0.323776063
1672 22890 -0.512578091875001
1673 9675 0.626475061000001
1674 57721 -0.387468617375003
1675 8992 0.651033437249998
1676 100996419 0.282397120249999
1677 26469 0.459577863624999
1678 101927167 0.567627752749998
1679 55689 0.3933298585
1680 10309 -0.213663250749999
1681 93594 0.760660621749998
1682 255480 -0.250146899125
1683 23410 0.315867757124998
1684 9474 -0.56767986275
1685 57335 0.334219936750001
1686 7106 0.732304422999997
1687 101928668 -0.209326832000002
1688 8913 -0.21345602125
1689 257364 0.297040350624998
1690 10086 0.217967044875
1691 163882 0.813667995999999
1692 170394 0.461708627499998
1693 9832 0.520498474249997
1694 321 0.715370370500001
1695 2302 0.333561680999999
1696 23180 -0.451126273125
1697 2274 1.4415972775
1698 3396 0.773162659374998
1699 81563 -0.695106399250002
1700 79145 -0.795499954250001
1701 203197 -0.8588597895
1702 3338 -0.418144588250001
1703 1787 -0.394043962500001
1704 23154 0.287471397375001
1705 101926967 -0.413386372125001
1706 6799 0.614956559249999
1707 65083 0.277249842999998
1708 196483 0.452237464374998
1709 64975 0.432297839875
1710 22909 0.762456458374998
1711 51147 0.319878481124998
1712 91408 -0.557930022875
1713 441178 -0.337478188000001
1714 6503 0.499194966749998
1715 1511 -2.19416125
1716 10217 0.55279353275
1717 6929 -0.625086874750004
1718 9261 -0.439213941875
1719 6241 0.896148184999994
1720 79098 -0.228734033000001
1721 6328 -0.522329873000002
1722 134288 0.350209498625
1723 84976 0.302311502874998
1724 9662 -0.715101914375001
1725 83850 0.216275785125
1726 729683 0.297892792749999
1727 84969 -0.20722422275
1728 11006 -0.561648086125001
1729 54477 0.216569305374999
1730 2811 0.653294769874998
1731 161742 0.231425970875
1732 4628 1.310761783125
1733 22823 -0.5655864765
1734 5271 -0.758588424750002
1735 100130987 0.538088427250001
1736 90459 0.819807373999998
1737 31 0.393315223999998
1738 6843 -0.564200287875003
1739 109 -0.731584447625002
1740 55425 0.671665637749999
1741 132612 -0.260205260250002
1742 154214 0.894743235499998
1743 22948 0.717501585
1744 84816 0.510698825625
1745 91526 -0.393890333375002
1746 2287 0.548833945000002
1747 60598 -0.213073608250001
1748 55789 0.877120681874998
1749 5273 -0.817770812875001
1750 6650 0.336493188124999
1751 130340 -0.180366289625001
1752 29015 0.544598774249996
1753 4508 0.422118321249995
1754 126208 0.303912217874999
1755 1727 0.438805766249995
1756 27241 0.358801744249999
1757 2039 0.35867397725
1758 7389 0.632060599999997
1759 572558 0.334006954874998
1760 4940 0.201021522749999
1761 1549 -0.284212520375001
1762 81873 -0.358390801250001
1763 5525 -0.205008991750001
1764 130916 -0.608055347375
1765 155400 0.543016898875001
1766 7572 -0.509651222750001
1767 29121 -0.280199587750001
1768 50807 -0.395111753125003
1769 100289274 0.210454667124999
1770 27293 0.606809172499999
1771 27131 0.516889760749997
1772 56970 0.308420408749997
1773 26960 -1.048044731125
1774 8899 -0.774100650125
1775 9556 -0.382104606625001
1776 434 -0.299741573125001
1777 84864 0.557793397249999
1778 11147 0.242503725374999
1779 10620 0.409107294999998
1780 151525 -0.420678155250001
1781 23097 0.319694092500001
1782 23589 -0.459362224375
1783 100505483 -0.404198528999999
1784 84215 -0.39292423275
1785 11196 0.430042399874999
1786 55657 0.512479459999994
1787 8706 0.828390442499999
1788 489 0.325179715624999
1789 10785 0.868134548875001
1790 8564 -0.32290659775
1791 29071 0.825855087499999
1792 114897 0.332062130124999
1793 80212 0.721852391999998
1794 3400 -0.307497345750002
1795 8895 -0.794698298000002
1796 5915 -0.183806882625
1797 29091 0.95659295925
1798 7010 1.012511748875
1799 4815 -0.79380437875
1800 8440 0.452619250249999
1801 79845 -0.325930070500001
1802 55193 0.232717148124996
1803 22954 -0.544932901375001
1804 651430 -0.277504564625
1805 9546 0.428811092375001
1806 636 0.244339666124996
1807 22875 -0.824599542750001
1808 9341 -0.589723985625
1809 79047 0.221123405999998
1810 3183 0.225915895
1811 27097 -0.6071243625
1812 8452 -0.392235991250006
1813 127943 0.501507427999998
1814 5002 0.686485571125
1815 100127983 -0.98228594775
1816 59342 -1.061876839375
1817 8395 0.588499931499997
1818 10907 0.312235022874999
1819 8517 0.197974174499999
1820 7174 -0.693174880875
1821 10206 -0.931001787875001
1822 100505881 -1.2336681265
1823 6239 -0.364985674375002
1824 54751 -0.243133547625001
1825 4287 -0.357806005125002
1826 10059 0.605498324749997
1827 10280 0.521945753750002
1828 90410 -0.3738008905
1829 85452 -0.243819371000002
1830 51673 1.1316557255
1831 4301 1.49721801325
1832 25800 -0.392315585125002
1833 63908 -0.331512338750003
1834 1152 0.637260570374998
1835 9645 1.168728082
1836 8976 -0.616557587375
1837 113802 -0.647262472625004
1838 57692 -0.189529889625002
1839 55726 0.460338135874997
1840 3553 -0.751601313875002
1841 54891 -0.695731656750001
1842 23263 0.229096872374999
1843 151050 0.528215194124999
1844 55646 0.917829798250001
1845 8193 0.345026663375
1846 7798 -0.855003945125001
1847 10389 -0.551392264375004
1848 2633 -0.401267972749999
1849 148113 0.1969804375
1850 284325 -0.411879650125001
1851 28387 -0.77464006225
1852 5664 0.691980718374998
1853 119504 -0.674138746750002
1854 7072 0.365278945999998
1855 338620 0.717910855750001
1856 4899 -0.306728749000001
1857 347344 0.412317259874997
1858 683 -0.752460129000002
1859 9194 -0.454097064125
1860 23008 -0.513925994125001
1861 147808 -0.319201921125001
1862 4914 1.1291154055
1863 8893 0.445472027249996
1864 148932 0.403010294625
1865 10472 -0.743333551125001
1866 3775 -0.257740596500001
1867 29803 0.505276323749996
1868 51397 0.872085174249998
1869 64855 0.331575139749999
1870 113675 0.859592399749999
1871 23433 -0.314947634000003
1872 10318 0.312883247874998
1873 800 0.164759139625001
1874 51112 0.476131294749999
1875 401466 -0.947183565875001
1876 9583 -0.94972042625
1877 7728 1.15220199875
1878 9424 0.600926925374999
1879 132789 -0.492155481625001
1880 127733 0.486660343499999
1881 55770 0.394883794625001
1882 840 -0.754784462250001
1883 10617 0.314921532874997
1884 79175 0.493589537874998
1885 64777 0.391230286125
1886 26155 0.307636723249997
1887 2331 0.340873542374998
1888 79870 -1.238561419625
1889 54913 0.292911229749999
1890 55916 -1.073883946
1891 26999 -0.694777341125002
1892 2035 0.243827439875
1893 5781 0.274213798749999
1894 83869 0.572538075374999
1895 130617 -0.267364451249998
1896 101928376 0.218550577875
1897 4121 -1.65317872175
1898 6919 -0.53538150775
1899 54454 -0.387741258374998
1900 439936 -0.224738739999998
1901 3433 -1.4915718435
1902 9444 -0.307763862875003
1903 2309 -0.587260097999998
1904 23522 -0.263230312500002
1905 150622 -0.272622371750003
1906 64857 0.405363846499999
1907 304 0.718075581749998
1908 10205 0.563365477624998
1909 388558 0.339933463499999
1910 54469 -0.433688503750004
1911 83891 -0.191479379875
1912 93663 1.096795437375
1913 100505876 -0.318366335125002
1914 3002 -0.28562776825
1915 23597 0.347093398750001
1916 4215 -0.363518662500002
1917 51104 -0.837997811000001
1918 1991 -2.719906984875
1919 7596 -0.307293774249999
1920 27246 -0.280592809125001
1921 153769 -0.272101506875002
1922 3566 0.379098581124999
1923 84708 -0.377250596875001
1924 51110 0.559006141999998
1925 8879 -0.22081428
1926 1105 -0.458871614000003
1927 219402 0.396286775375001
1928 64968 0.841814439374996
1929 5316 0.536783928999998
1930 1316 0.573065861249995
1931 5194 -0.26901724325
1932 58528 -0.918572148375002
1933 7799 -0.653467579250002
1934 2896 -0.814981471500005
1935 284106 0.357812921874999
1936 1106 -0.513348861375001
1937 92292 -0.444109301000001
1938 2982 0.528878678124999
1939 22929 -0.548308095500003
1940 54998 0.561176766624999
1941 83939 -0.383140265000002
1942 80179 0.31961347775
1943 387755 -0.24000700225
1944 5551 0.282126142499999
1945 130026 0.232256684124998
1946 5581 -0.643081085999999
1947 10188 -0.268710875500003
1948 4105 -0.211410051375002
1949 121665 -0.478235313500001
1950 29993 -0.483525488500002
1951 23187 0.258145972374999
1952 55735 0.367458498249999
1953 11138 -0.414518797250002
1954 9070 0.449915960624999
1955 154089 -0.319593586625
1956 255394 -0.236139052875002
1957 3712 0.539525389249998
1958 8847 -0.259451234625001
1959 3543 -2.387817164625
1960 124930 0.259535260124999
1961 1266 -1.54320302125
1962 8446 -0.605690062250003
1963 11216 0.252007294124999
1964 80011 0.379779802749997
1965 6096 -0.217230802250001
1966 8036 -0.878865228625001
1967 10567 -0.760570661250004
1968 23523 0.275523481499998
1969 23429 -0.667822728750004
1970 118424 0.357438604874998
1971 54491 -0.911364929125002
1972 8340 0.195785755375
1973 79838 0.297069427249999
1974 54457 -0.203079020750001
1975 29797 -0.366323950375
1976 51530 0.455182739124999
1977 79886 0.593583911625
1978 23731 -0.320835066499999
1979 4338 -0.419206409250001
1980 100507650 0.221930306874997
1981 51315 0.424011755999997
1982 81492 0.262025877874997
1983 170384 -0.353877488500002
1984 5515 -0.760812403874997
1985 55745 -0.245477633124999
1986 375056 -0.444530342125001
1987 100506779 -0.820354619375
1988 2135 0.605012086374998
1989 51154 0.582884540375
1990 116143 0.693699038624999
1991 101927126 -0.200416631750001
1992 644128 0.28068507375
1993 9510 0.31462944325
1994 23466 -0.369140540000001
1995 57122 0.460978288624995
1996 6954 -0.34005031775
1997 51132 -0.649289028500002
1998 7100 0.246444367374999
1999 1353 0.414027611374999
2000 87769 0.316718723375001
2001 9746 0.284817342624998
2002 23085 -0.780334478750004
2003 256302 -0.541649190625
2004 1454 -0.59850729875
2005 340205 0.318999159500001
2006 267 -1.2594088735
2007 55212 0.6933028085
2008 7187 0.31005162225
2009 101410533 0.307863683124999
2010 440072 -0.182542989250002
2011 1718 0.961443883499999
2012 3030 -0.450740766125001
2013 199692 -0.848229181375004
2014 27004 -0.252214629750001
2015 53342 -0.292632003750002
2016 112479 0.684071154625
2017 55636 0.642223591374998
2018 10213 0.479971913750001
2019 1376 0.563840792125002
2020 51726 -0.3784093685
2021 9258 0.540733700999997
2022 2912 -0.229285133375002
2023 1475 -1.9791255115
2024 728927 -0.621857662875002
2025 2944 -0.783170908125004
2026 100506098 0.548553505499997
2027 340178 -0.2848026835
2028 649 0.266341681999999
2029 3706 0.342835191374999
2030 122553 0.507253366624999
2031 167227 -0.965639742125001
2032 166378 0.536950749624998
2033 51646 -0.760524583000006
2034 90678 0.407098863124999
2035 80346 0.446180392749997
2036 1495 0.613167226875001
2037 9344 0.249635053875
2038 80271 0.263181870374999
2039 7518 0.557420369875
2040 286207 -0.258661995374999
2041 4893 -0.323984382499999
2042 54442 -0.503747159374997
2043 27095 0.340349172749997
2044 143187 -0.183142640375002
2045 25953 0.54815918725
2046 23157 -0.499427429125005
2047 687 -0.293317086625
2048 10626 0.808319892624998
2049 2100 0.365978586624999
2050 56731 -0.594208807375
2051 10048 -0.351493202500004
2052 6891 -0.30850704875
2053 24139 0.190495352749998
2054 1773 0.317347474499997
2055 3309 -0.768763075000001
2056 5718 -0.551652572375003
2057 51606 -0.332492048624999
2058 124565 -0.286780428625003
2059 54433 0.526912556249998
2060 55653 -0.313586603125001
2061 56893 0.463867537499998
2062 129790 0.279702683625
2063 10642 0.259883097124998
2064 201627 -0.399012716124998
2065 6304 -0.8125165365
2066 7805 -0.553580905000004
2067 4702 0.660799984374997
2068 317671 0.49806568775
2069 83543 -0.75429774975
2070 3034 -0.486654836874998
2071 285043 0.222393930374999
2072 254048 0.225833355499998
2073 3045 1.682649864375
2074 340252 -0.542489156125002
2075 862 -0.237591522500001
2076 64773 0.5171232845
2077 23408 0.365876707875
2078 138162 0.272458981999999
2079 115207 -1.31669006675
2080 84547 0.402658791249999
2081 695 0.375137256249999
2082 151827 0.785022551249998
2083 221143 0.523614440874999
2084 6421 -0.357511433999999
2085 51427 -0.869165853875003
2086 9925 -0.629123249125003
2087 817 -0.434825765875
2088 7458 -0.386851942500003
2089 55294 0.424701514125
2090 55326 0.572622036374998
2091 89853 -0.422636304875003
2092 11269 -0.544298096375002
2093 4055 0.242941155875
2094 83856 0.1752933465
2095 55254 -0.464257986250001
2096 84248 -0.518835787874998
2097 167826 -0.228667730125001
2098 10572 -0.426428729625003
2099 873 0.811431323749999
2100 8476 0.699153966499996
2101 92400 0.351109330625002
2102 339500 0.610081697124998
2103 55631 -0.415388622875
2104 5359 -0.475365632625001
2105 114990 -0.608806411500003
2106 79718 -0.313604145875
2107 1356 0.7414645485
2108 285381 0.513798243875
2109 25843 -0.609135700500001
2110 55660 -0.283518142500002
2111 375449 0.8149959295
2112 643201 -0.230453072124999
2113 28234 -0.200903450375002
2114 1184 0.263461036874999
2115 2124 -1.32229132525
2116 2935 0.385191670499999
2117 54870 -0.230421659499999
2118 55676 0.604184014249999
2119 501 -0.817469379000001
2120 22839 0.390965676624997
2121 7052 -0.256154270625001
2122 25942 -0.475244053250002
2123 54482 0.434558270124999
2124 254170 -0.489958794250001
2125 53407 -0.471748476125001
2126 283991 -0.527026236749998
2127 23300 -0.308318939375001
2128 5746 1.73262217425
2129 10892 -0.832409969500003
2130 7626 -0.29986524025
2131 27085 0.332229758
2132 11169 0.688896538875001
2133 54973 0.300496910874999
2134 85460 0.20735410375
2135 10170 0.773742518249999
2136 439931 0.373786166624999
2137 891 1.03364669375
2138 9146 0.349359772375001
2139 9200 0.521514968749997
2140 79673 -0.432605612375
2141 7268 0.301317151124999
2142 81628 -0.586624621125001
2143 9275 -0.462692304875
2144 30849 -0.148806054375001
2145 1612 0.645583623874998
2146 317701 -0.265761215375001
2147 19 -1.017620856875
2148 7589 0.308086679999998
2149 9960 -1.079421580125
2150 22887 -0.361562153000001
2151 4048 -0.433005415000002
2152 54497 0.5416329275
2153 11143 -0.467531572375002
2154 146712 0.442614471874999
2155 84961 -0.822770925
2156 119559 0.44102661875
2157 27071 -0.832522725125001
2158 79026 0.761102409250002
2159 2932 0.277638150749999
2160 5018 -0.487958222374999
2161 8568 0.348601477874997
2162 79989 -0.477915488750002
2163 1660 -0.225987439875002
2164 90321 -0.415959838125
2165 2712 -0.254931609750002
2166 2734 -0.276908227125001
2167 283212 0.311472281624999
2168 83706 0.482650095125001
2169 79825 0.286640812
2170 6733 -0.36104666725
2171 79922 0.343849315375
2172 126526 0.244449363
2173 64853 0.525430258000002
2174 440275 -0.492616000875001
2175 57689 0.669623916625
2176 115426 -0.504324594125
2177 5286 -0.622875329000001
2178 80045 -0.640980694
2179 91749 0.19301812775
2180 3425 -0.323582649375
2181 55182 -0.185493830500002
2182 8821 0.756299896624999
2183 199777 -0.470507681875
2184 81544 0.390184678249999
2185 10559 0.385804466874999
2186 9937 0.728600483249998
2187 55686 -0.977847359249999
2188 10367 0.339655054874997
2189 29919 -0.352150364124997
2190 100130717 0.165843362625
2191 8379 0.575752522749999
2192 120379 0.208878637124999
2193 25796 -0.625330045625001
2194 2958 0.442664417124997
2195 253782 -0.668541269125003
2196 80007 0.320248126624999
2197 341 0.699627042874999
2198 23181 0.310808368375
2199 9582 1.224875495375
2200 5887 0.431946514124995
2201 7086 -0.604726582875003
2202 23052 0.585154345499999
2203 7136 -0.359490985375003
2204 54806 0.379873833124998
2205 7581 -0.251849456000002
2206 149420 -0.740945527000001
2207 51754 -0.416547671125001
2208 378832 -0.273260265500002
2209 84329 -0.592547446375002
2210 84771 0.655693567624998
2211 9025 0.524244523624998
2212 79626 -0.377604853750001
2213 340526 0.294570960500001
2214 3107 -0.55480992875
2215 78986 -0.347642690750002
2216 5586 -0.590390754750002
2217 83593 -0.377528500625001
2218 57194 0.585599727374999
2219 101929524 -0.191590482875002
2220 80114 -0.660904784500002
2221 1556 -0.275869696249999
2222 55349 -0.246484933750003
2223 55014 0.281549213875
2224 50862 -0.521675056500003
2225 23234 0.617951142374997
2226 5212 0.268452441625
2227 80777 0.356393300875
2228 23127 -0.657881688875
2229 10203 -0.574258966374999
2230 8842 -2.2812904175
2231 107 0.201262239624997
2232 116225 0.5130760025
2233 5711 -0.360204195624998
2234 217 -1.118874416625
2235 2491 0.21956132175
2236 55818 -0.430151483250002
2237 6854 -0.517330312374999
2238 84440 -0.220597341875001
2239 114042 0.176467661499999
2240 64802 0.303978776375001
2241 10252 -0.353097424125003
2242 197258 0.383730151875
2243 91404 -0.454603826500002
2244 151963 0.806990297249997
2245 64225 -0.447705787875
2246 55269 -0.282699709375001
2247 4771 -0.208449274125003
2248 54664 -0.682779155750001
2249 29094 0.445410852749998
2250 202 -1.56773105075
2251 347862 0.538553740624999
2252 3000 -0.209444524249999
2253 89857 0.471568834249999
2254 8228 -0.234248037874998
2255 246126 1.043949143125
2256 1953 -0.274031976375001
2257 54516 -0.26871978
2258 260429 -0.24362884175
2259 133619 -0.675589507875003
2260 201176 -0.368221603125
2261 8540 0.432824829624997
2262 11083 -0.705339347375003
2263 4353 -2.604991953875
2264 101927498 -0.174240574375001
2265 79646 -0.397529996000003
2266 253832 -0.363092669000004
2267 55293 0.543830181499998
2268 642852 0.581253585374998
2269 51614 -0.394811966750002
2270 164 -0.767836559250003
2271 27030 0.236885402874998
2272 7567 0.170596222249999
2273 129642 0.789092986499998
2274 9111 0.509594232499996
2275 54629 0.467937854875
2276 203076 -0.300125937749998
2277 84343 0.675891259749999
2278 84955 0.650704473125
2279 64175 0.384268802749999
2280 23633 -0.267225238375
2281 89978 0.402834709499998
2282 55233 -0.744184243625005
2283 63976 -0.219277198374999
2284 51304 -0.392629883000001
2285 10672 -0.817616512874999
2286 140876 1.521474347125
2287 81579 0.506257990375001
2288 26091 0.771734197375
2289 131601 0.41284151425
2290 55640 0.164159276749999
2291 374920 0.274156199625
2292 3067 1.236753991125
2293 7390 0.503004075624998
2294 55454 -0.478897318000003
2295 1798 0.723723219374998
2296 25979 0.447459795374998
2297 54468 -0.401330644375001
2298 10084 -0.464567315
2299 1122 -0.531218842375
2300 285696 0.291603064499998
2301 3514 -0.249689905625001
2302 28976 0.529433038124997
2303 54059 0.556512275750002
2304 9818 0.399138336874998
2305 4360 1.67349738875
2306 64207 0.623666646249994
2307 10867 -0.385122101625002
2308 2626 -0.243180624625
2309 1763 0.526973555874999
2310 401261 -0.729277214625001
2311 84641 -0.473362271125003
2312 4361 0.627689138249998
2313 285755 0.253766880375
2314 64132 0.394747525749999
2315 100506497 -0.480022294
2316 51560 0.395696035124998
2317 1296 -0.594333670375001
2318 977 0.576914883999998
2319 440836 -0.770520042250001
2320 3422 -0.584832345499999
2321 7068 1.752977498875
2322 80305 -0.390149356500001
2323 137994 0.543987850124998
2324 997 -0.268074815625001
2325 3805 -0.227676142875001
2326 26036 0.232288414749999
2327 54797 0.238486495624998
2328 2585 0.38848042325
2329 105374768 -0.181151556625
2330 51322 -0.637675507500003
2331 4332 -1.705682317
2332 10512 -0.651903110875001
2333 65977 -0.41456236375
2334 541471 0.263628123249998
2335 196472 -0.246801616249999
2336 388799 -0.379593940000002
2337 860 0.221611125875
2338 149478 0.446087691250002
2339 56912 0.306788085249999
2340 100506915 0.49392606525
2341 941 0.34272993625
2342 130589 0.400114973249999
2343 10057 -0.258533233500001
2344 54876 -0.536322337999996
2345 57547 -0.2092254855
2346 1002 -0.315703986125
2347 29951 -0.219781157375
2348 2962 0.395078549999996
2349 25842 0.525326673624997
2350 84958 0.736550826749999
2351 56984 -0.611411242500004
2352 1519 -0.705698186249999
2353 64577 0.938145175249999
2354 9670 0.350175927499997
2355 101927151 0.320993330749998
2356 10671 -0.403167850375002
2357 57820 -0.414810044625005
2358 646778 0.444045546625
2359 200420 0.301470988124998
2360 1603 0.598516658750002
2361 2817 -0.206046260125001
2362 54532 -0.639291033750003
2363 23108 -0.782517660625
2364 1550 -0.228207590000002
2365 55671 -0.450858591125002
2366 57600 -0.491871222875001
2367 4948 -0.28960417925
2368 80258 1.21631986725
2369 23446 -0.338588549
2370 51098 -0.392911235375001
2371 8398 0.444527776999997
2372 1996 -0.142706558625
2373 101928850 -0.33263720625
2374 132332 -0.157684759875
2375 8558 0.558324644874997
2376 8814 0.274711275249999
2377 10611 0.622213899874999
2378 51127 0.205889018124998
2379 80763 0.235161326499998
2380 1141 0.212332692874996
2381 399671 -0.206927053750002
2382 51 0.370803338625
2383 80317 0.2545094295
2384 1493 0.229426338999999
2385 30008 0.343353045374999
2386 10450 0.394386732875
2387 343641 0.174529936375001
2388 9377 -0.51875871975
2389 54914 0.692147282750001
2390 5255 -0.26391368625
2391 728431 0.384578332624999
2392 116412 -0.287481229750001
2393 8767 0.513292315625001
2394 56981 0.582672363999997
2395 25941 0.434538008374998
2396 998 -1.018609195125
2397 629 0.231741637874998
2398 4778 0.71216158975
2399 8862 -0.458698674250003
2400 644623 0.165123874249999
2401 5203 -0.229747634375
2402 26119 0.381646671125001
2403 113691 -0.235391908250001
2404 84174 0.416412038749999
2405 149986 -0.187970525000001
2406 7705 0.29583765375
2407 170371 1.628851024125
2408 79048 -0.271842749375001
2409 2203 -0.864047330875001
2410 6668 -0.480046316500003
2411 3145 0.598483835749999
2412 84709 -0.158236741500001
2413 26030 0.391342460249999
2414 11030 0.82048911575
2415 8774 -0.227062374749999
2416 29028 -0.728338124375004
2417 5347 0.414983975124999
2418 9873 -0.706192413
2419 80323 0.243615780874999
2420 5495 -0.489313962124999
2421 81532 0.240906680499998
2422 7008 -0.243237244625003
2423 2938 -0.24503361825
2424 79885 0.313738106999999
2425 290 -0.201907099500001
2426 141 0.346245728125
2427 401577 0.353566949499997
2428 92140 -0.401232586125003
2429 929 -0.552864476625
2430 149775 0.179888479749999
2431 7525 -0.17014100925
2432 2339 0.287068136249994
2433 23382 0.499360236124997
2434 7170 -1.003614353375
2435 7352 0.275246867999998
2436 59 0.947955551749998
2437 10923 -0.584705346250001
2438 51727 -0.471524293125
2439 89958 0.199355679874999
2440 90488 -0.638582141250001
2441 10468 -0.350083892625001
2442 55859 -2.030334260375
2443 8091 0.182820579125
2444 79780 -0.384504172875003
2445 4313 -0.252518926125
2446 51512 0.943072860625
2447 550 0.362314996624999
2448 83861 0.5200951865
2449 5195 0.255790816875
2450 55105 0.370460258624999
2451 23236 -0.892611540375004
2452 140460 -0.690287661125002
2453 400793 0.759907880624999
2454 6888 0.302986984999995
2455 54910 0.243270349499996
2456 4752 0.564395018874998
2457 222 -0.188416032625001
2458 79168 -0.348653695625
2459 27439 -0.298548127625001
2460 9700 0.572368214624998
2461 22920 0.504302076874998
2462 10673 -1.25520767425
2463 80255 -0.788756126875001
2464 23705 0.229450751499999
2465 4043 0.474700851124998
2466 285367 0.661704588374999
2467 6047 -0.3239372225
2468 3611 0.559756651875
2469 100506311 0.935099298624999
2470 102723864 0.442922251374999
2471 4277 -0.475435854000001
2472 728769 0.477943210000001
2473 197131 0.518746635999999
2474 4818 -1.11119218475
2475 160897 0.216785456999999
2476 55168 0.413269979875
2477 390916 0.853186677749997
2478 6790 0.86766274875
2479 115795 0.213900476124999
2480 63906 -0.307718036375002
2481 379025 -0.854850600750001
2482 284252 0.354434995875
2483 4675 -1.979750312625
2484 814 -0.179682136375002
2485 4327 0.338560359749998
2486 57708 -0.427318140749999
2487 57620 -0.647856196750001
2488 56946 0.377486617749998
2489 85015 0.368034818999998
2490 23200 -0.3808223325
2491 352999 -0.186078008375
2492 64852 0.176519278500001
2493 200728 -0.416880397250002
2494 79012 0.181187804374999
2495 26707 -0.218572375500001
2496 60682 -0.521363285750002
2497 55668 0.514329547375001
2498 9205 -0.319527079624999
2499 157506 0.386721366874999
2500 4902 -0.301580254500001
2501 10522 0.542039312874999
2502 1659 -0.522912789000002
2503 84513 0.300957336499999
2504 257194 -1.640926919875
2505 55578 0.425433053624999
2506 644794 0.527597517125001
2507 23174 -0.647776544500001
2508 8569 0.489163093749999
2509 8266 0.26755488225
2510 912 -0.204707816250001
2511 6414 -1.751158151875
2512 2021 0.641329159625
2513 923 0.606486510374999
2514 5990 0.723407112
2515 100506470 -0.190883692625
2516 7337 -0.332117231249997
2517 159989 -0.17023425575
2518 11240 -0.276336746750002
2519 83999 0.281003718375
2520 2971 0.349628201249999
2521 57456 -0.685333670875002
2522 9567 -0.355927513000001
2523 55622 0.964414255874997
2524 90550 0.277978613499999
2525 84674 0.410824749124997
2526 1977 0.208717236625001
2527 54472 -0.226580081500001
2528 131408 -0.496208736125001
2529 4773 0.412049445125
2530 731157 -0.381748836875001
2531 9498 0.294488901625001
2532 26207 -0.425866923000001
2533 5783 0.912725763999999
2534 23314 -0.26115584875
2535 56987 -0.682838140250004
2536 27 -0.486208609000002
2537 100144748 -0.2928094495
2538 56271 -0.543336197250003
2539 394 -0.912544370625
2540 9776 -0.446943907750001
2541 84254 -0.178373489875002
2542 5253 -0.406871308875
2543 8360 0.544124258
2544 11067 -0.872323849500003
2545 9759 -0.447246539625002
2546 23042 0.344842185374998
2547 8545 -0.2721729355
2548 100507398 0.500154773500001
2549 79794 -0.278382291125001
2550 6641 0.293788231624999
2551 1869 -0.376939565500003
2552 253827 -0.69443393625
2553 64757 -0.496103823375002
2554 8803 0.673245035125
2555 6102 -0.474031423125001
2556 7850 -0.256727082625
2557 51611 -0.244328132750002
2558 25778 -0.288091145625001
2559 2118 0.298856125999998
2560 6425 0.349628892875
2561 51247 -0.359702212500006
2562 4297 -0.218446947375
2563 9620 -0.211790259
2564 1136 0.244889235874999
2565 6548 -0.456552651499999
2566 100190939 -0.588881838499999
2567 400643 0.162969036
2568 284021 -0.442738223625001
2569 84814 0.274332350250001
2570 79814 0.815149823499998
2571 100506697 -0.208699570625
2572 79677 0.474061905875
2573 7090 0.414397474875001
2574 7597 0.269640062874998
2575 3606 0.383989728625
2576 80131 -0.265384602000001
2577 10142 -0.396092633375003
2578 2230 -0.617759637500001
2579 4087 0.462237239499997
2580 101929504 0.181784085625
2581 8832 0.612615474125001
2582 26049 -1.072992332
2583 5532 0.257459494124999
2584 55638 1.031044991875
2585 2258 -0.523562552375002
2586 80063 0.559347482874999
2587 23546 -0.2760159025
2588 254531 0.441108056249998
2589 27067 0.508252347374998
2590 22848 -0.319266150500003
2591 147525 -0.308514854875003
2592 1653 0.373281140000003
2593 51182 -0.357563379250005
2594 90850 0.39420739575
2595 5636 0.40415493125
2596 6566 0.588700413749998
2597 387923 -0.195628081250002
2598 100628307 -0.168348891875002
2599 1183 0.191618468874998
2600 85477 -0.205679946500001
2601 4799 -0.347219561999999
2602 79143 0.381514325249999
2603 85440 0.484452834749997
2604 10580 0.4452423675
2605 284451 0.2567901305
2606 60560 0.326827770999996
2607 4193 -0.208918921000002
2608 8776 -0.170810093375
2609 23601 -0.544421522625001
2610 9780 0.462223593874999
2611 51734 0.506324695875
2612 138151 0.558066157749999
2613 3212 0.940242332374998
2614 80347 0.489830346124998
2615 100130219 -0.379674572624999
2616 11218 -0.721122003250004
2617 2308 -1.6383218075
2618 65008 0.605700548
2619 219285 0.686326358874997
2620 23093 -0.328479335500002
2621 134218 0.347707298124998
2622 23527 -0.457343338875002
2623 6165 -0.295920838125006
2624 101927049 -0.16351689875
2625 55785 -0.221965255000002
2626 6443 -0.2179380695
2627 339105 0.262358150624996
2628 5937 0.472583539249998
2629 8725 -0.277973816250002
2630 11326 -0.246884140500002
2631 80208 -0.316086778249999
2632 2067 -0.406879167250001
2633 645321 0.264376308375
2634 140699 0.217534637125
2635 80817 -0.560491954000002
2636 283392 0.406441285374999
2637 100505666 0.189455798625
2638 285989 0.213213352874997
2639 257358 0.167492252375
2640 7772 -0.146121367625001
2641 84926 0.18614206175
2642 79258 0.599400961499999
2643 4854 0.175088120374999
2644 1434 0.636391665999996
2645 51678 -0.666298780250002
2646 10451 0.386828188999999
2647 5210 0.249889695749999
2648 7366 0.199314591374999
2649 6662 0.168314451875
2650 88745 0.299326723125001
2651 57498 -0.541405048875
2652 28970 0.365441922749998
2653 56986 0.659780383999998
2654 369 -0.753602632999999
2655 83548 -0.39966741725
2656 9737 -0.849653769000001
2657 26228 0.60727395175
2658 28981 0.561192594124996
2659 8737 0.236778044249997
2660 10336 -0.385357536250003
2661 283596 0.165658235125
2662 64788 -0.416100102875001
2663 100130476 -0.336074376875001
2664 9223 -0.20985320025
2665 158800 0.310289044124999
2666 55266 -0.187952148000002
2667 55320 -0.63529214825
2668 200634 -0.188764563875003
2669 9113 0.160755921499999
2670 338799 0.406171152499999
2671 100130417 -0.267786986625
2672 23386 0.303312928875
2673 101927702 -0.168833608625
2674 9416 0.45941096075
2675 1386 -0.509491699125003
2676 148413 0.241899622749997
2677 126068 -0.207432869875
2678 93624 -0.342072663625001
2679 8631 0.836983339999996
2680 54996 1.418589874875
2681 199731 -0.233676180500001
2682 3265 0.421734990124999
2683 178 0.6562061205
2684 54776 0.244897796999998
2685 2582 0.440004372124999
2686 3738 -0.294253712000001
2687 823 0.50706626225
2688 6892 -0.512794202375002
2689 23432 0.544526992499999
2690 9911 0.532923130499999
2691 388685 -0.183592367375002
2692 8372 0.598165967374997
2693 6301 0.432299895125
2694 53340 0.805951707499999
2695 22926 0.361156172749999
2696 729956 -0.206464556875003
2697 10001 -0.849858416375003
2698 54890 -0.297791460375002
2699 93650 -0.300083783875001
2700 10723 0.3731639405
2701 1130 -0.647560041625002
2702 5514 0.771313162749996
2703 23213 0.180898010749998
2704 26286 -0.353977458000003
2705 5686 0.53887608125
2706 143 0.264292590375002
2707 23549 -0.222279249500001
2708 53349 -0.28552050725
2709 728114 -0.185335587000001
2710 2042 -0.1703503165
2711 26523 -0.410141494375003
2712 135228 0.423353211999998
2713 9448 0.376727199999999
2714 26092 -0.561019974250001
2715 26088 0.325874661499999
2716 113730 -0.378310091875001
2717 84296 0.311712343999999
2718 10695 -0.521081773375002
2719 9616 -0.410126135375002
2720 56994 0.662657156624997
2721 23208 -0.735996268875002
2722 79192 -0.344187095625
2723 128387 -0.378552849875003
2724 56204 -0.621353261875001
2725 140679 -0.236367337000002
2726 56897 0.285892662375
2727 441054 0.182300372625
2728 1642 0.302151759999997
2729 219595 -0.222597195500001
2730 169981 0.348088545124999
2731 10800 0.611269584375001
2732 54748 -0.236556790625002
2733 3658 -0.416653866250002
2734 8555 -0.637839128375001
2735 201191 0.296378294874999
2736 4046 -0.572928600875002
2737 3868 0.2320263965
2738 152926 -0.440267247750002
2739 84875 0.42253082825
2740 26268 0.173705355624998
2741 283674 -0.172215601625