1 9878 -0.347818821926201
2 491 -0.795218452332609
3 10131 -0.389221519608268
4 23102 0.283564447816969
5 149111 -0.398280551636518
6 25854 -0.644379899775326
7 7414 0.563150305850941
8 54541 1.13185550307721
9 1994 0.637176991269417
10 26050 -0.576049394553837
11 55233 0.537850843170373
12 64130 -0.655134555326815
13 23769 -0.408011982706081
14 29092 0.312282614678792
15 79896 -0.204376479005138
16 51121 -0.418657278292033
17 56994 0.454936392905848
18 51098 -0.285353633822066
19 138151 0.747475887550825
20 5080 0.598854167134958
21 7347 -0.540645840322454
22 10217 0.664202085155326
23 80349 -0.397267031980808
24 26539 0.210064340037577
25 11179 0.269658041991748
26 10330 -0.526471035514769
27 8522 -0.820875077794541
28 4747 -0.66392451261629
29 1488 0.401660550503869
30 9659 -0.575282771539557
31 9469 0.316643408406033
32 7443 -0.612009010174349
33 4478 0.669239713051768
34 23228 -0.906940223266703
35 4913 -0.335480230283135
36 9903 0.561806855982938
37 3707 0.709049838238407
38 10160 0.48913588227869
39 4495 1.15674583751641
40 23729 -0.142742063825835
41 3964 -0.490148669978644
42 3315 1.36355538437387
43 2170 -0.221584524823416
44 9832 0.117309774805795
45 51751 0.472130798139849
46 79026 0.58636687639018
47 9056 0.211102901088992
48 55799 -1.03444448865367
49 4097 0.374032865403359
50 81853 -0.740148405325356
51 3705 0.311364821432452
52 800 0.715019555823286
53 23210 0.913404407608699
54 793 -1.61693414729364
55 10038 -0.300410205408065
56 79155 0.324757737380599
57 998 -1.34051142507965
58 4023 -1.21558955067569
59 23412 -0.377410047982075
60 10125 -0.908751105522408
61 2554 -0.358985994444744
62 29114 -0.893216166988736
63 23349 -0.361656706068287
64 2872 0.896779539692448
65 400451 -0.208506529523859
66 80896 0.433224507562534
67 55966 -0.207191269089816
68 9158 -0.515170696958339
69 9201 -0.522363719520835
70 4502 0.828949913310067
71 6904 -0.365281145440123
72 4494 1.00595494035967
73 4853 0.695489278249076
74 4978 -0.409936810626891
75 56267 -0.430663124089141
76 891 -0.159021106000307
77 26509 0.472970378462318
78 51761 -0.634451421643733
79 3131 -0.781427523141663
80 9079 -0.752345563823553
81 27065 -1.42841088050786
82 5725 0.547078524622052
83 4692 -0.576754322901341
84 55707 0.296172275707069
85 54839 -0.726858761758425
86 166647 0.532085800938714
87 64110 -0.2247025891905
88 468 0.50655617239828
89 9270 -1.06284122915819
90 7504 -0.427217779801738
91 6764 0.377175317102962
92 222663 0.208234341468314
93 1114 -0.854257577644784
94 6775 -0.279718667287589
95 80775 -0.178034335920841
96 2059 0.716189353652116
97 291 -0.591836055368913
98 22986 -0.284036079283113
99 22902 0.522869625692764
100 55670 -0.301614453432917
101 29902 -0.736456135667421
102 8140 0.693392205909294
103 8992 0.420254511420898
104 404672 -0.619352829763763
105 2978 -0.406976910693253
106 10486 -0.743319541306312
107 2948 0.203645390764335
108 11332 -0.787959582588982
109 10418 0.203434618415893
110 2775 -0.998685193527314
111 10529 0.507182237710026
112 3162 0.299617751394611
113 200734 0.562509836068236
114 23022 0.803783811576983
115 10994 -0.320339487478722
116 3775 -0.65913418211
117 7482 -0.198029155491882
118 11059 -0.688588525041906
119 23108 -0.543522136202268
120 5613 0.542555517833339
121 8470 -0.563370313773386
122 3915 0.433421131050526
123 8515 0.205140097681449
124 6000 -1.01420687402766
125 55752 -0.706916375535099
126 4604 0.801008296960486
127 302 0.617378095323962
128 9321 0.205275265013417
129 8233 0.33517385479777
130 25975 -0.136605043530539
131 8614 0.200908352583402
132 65055 -0.84974068650743
133 10682 -0.217086732843367
134 4496 0.883047700428675
135 28969 -0.410219481605898
136 10241 0.483200810748674
137 54715 -1.19678394141005
138 6935 0.371081233457289
139 22950 -0.397617467633785
140 25875 -0.565372949180817
141 1153 -1.01715650322561
142 2314 0.225544950025123
143 25830 -0.787410882470393
144 5983 -0.205299375789001
145 2250 -0.164616130248321
146 23764 1.62731005547282
147 5950 -0.878507891663252
148 23657 0.671315674882415
149 6599 0.307599218613771
150 6240 -0.386192013246509
151 54987 -0.243569383978553
152 54968 -0.167950395376393
153 8099 0.379359934561633
154 55190 -0.38048487916619
155 51046 -0.505984766693086
156 6526 0.927586204437551
157 10846 -0.204554289161231
158 5066 -0.462316050285123
159 6505 -0.604115260646195
160 5579 -1.66005247953612
161 596 0.831870507174575
162 23596 -0.322629900451751
163 23462 -0.624105623871534
164 4775 0.275576501222966
165 26353 0.728437593081056
166 4493 0.779992689355481
167 55312 -0.764226494938795
168 9686 0.592974814944967
169 53335 -0.54319837588659
170 2998 0.153718141026106
171 788 0.356182146570665
172 23242 0.333474572221705
173 1353 -0.638528366562644
174 9568 -0.723694393032162
175 81553 -0.253239159955267
176 304 0.293710113792011
177 490 -1.04977193786297
178 92973 -0.148261016337971
179 23168 -0.467666797203233
180 7704 0.696569633314398
181 2239 0.168170026922259
182 2624 -0.137272220050978
183 6678 0.592130624104707
184 113791 -0.174070574055391
185 4904 0.425117938352731
186 3428 0.644505530799909
187 10240 -0.295975755360542
188 56983 0.215285967526134
189 83439 0.289509952816407
190 4719 -0.449163354391339
191 7991 -0.831172043063741
192 1690 -1.34314348518878
193 4958 0.322562454564781
194 8837 0.127225677365881
195 4026 0.397872422553881
196 4190 -0.891592259359067
197 1051 0.726981968049918
198 136 0.350397483519269
199 6715 -0.963551010368832
200 1428 -0.882665159985455
201 6627 -0.210471322368521
202 11154 -0.146116284139562
203 902 -0.494207827953397
204 64759 0.744021040112496
205 51617 -1.04868936467433
206 23285 -0.773049336221272
207 7110 0.141456590455566
208 23035 0.116100699524181
209 862 -0.191856197166656
210 51275 -0.107990965370729
211 201229 -0.423256336774317
212 5121 -1.07120592841151
213 53358 -0.425825439177058
214 10939 -0.315729031269463
215 10775 -0.310820669946726
216 9118 -0.810432325321901
217 57326 0.570057382646693
218 23632 -0.383471197663296
219 135138 -0.233794588869152
220 1523 0.493657799977247
221 55800 -0.71587952352583
222 1949 -0.379901164243599
223 8975 -0.209413824585688
224 23171 -0.465593992586175
225 22978 0.52234271150502
226 23534 0.379692920883603
227 898 -0.204863659638339
228 9228 -0.498104826577177
229 64754 -0.361500283712093
230 81565 -0.529221083173566
231 51313 0.11262047727642
232 8974 0.531717974608353
233 10777 -1.26271229215657
234 7132 0.603370002138825
235 10623 -0.227028733556062
236 11146 -0.14939731662292
237 2272 -0.21882623100251
238 1716 -0.329200207211191
239 7260 -0.3745383745932
240 2018 0.596519978463121
241 9899 -0.738633788289254
242 64232 0.199038226302097
243 2572 -0.981041873380883
244 412 -0.204435775155197
245 8821 -0.349662892322447
246 10581 0.630908134842482
247 117178 -0.585999845019966
248 1201 0.228118001366906
249 64236 0.291062227211804
250 51231 -0.213018290028855
251 50618 0.473193101421254
252 5824 -0.254537157604015
253 25941 -0.486603015805638
254 55841 0.266879672526247
255 51490 0.24940576748291
256 864 0.19545670767983
257 56915 -0.213481659023249
258 57180 -0.945458560223615
259 25907 -0.894939522743684
260 4345 -0.546757998427463
261 6597 -0.577519320907922
262 9448 0.503506056494794
263 54914 -0.54021966658101
264 6857 -1.31420668354533
265 7336 -0.34474466057527
266 196743 -0.21499693027492
267 23531 -0.710154276944195
268 8787 -0.677074234022221
269 10019 0.266333015568796
270 3482 0.398361631564051
271 25959 0.384098392549829
272 25799 0.180312681436066
273 79621 -0.318640466345086
274 51400 -0.203482395578689
275 51285 0.620749460174786
276 5326 0.227721694048894
277 55794 -0.257625298162195
278 5695 -0.439120410246705
279 55041 -0.463566086307918
280 5799 -0.583428939829819
281 10409 -0.698808081638811
282 54769 -0.969835723199872
283 56255 -0.172332237137856
284 4487 0.440073907961028
285 55701 0.180169124201159
286 55578 0.401543263994356
287 4522 -0.377788805447623
288 54904 0.152090949646345
289 29965 0.378866053803944
290 27165 -0.267563158566807
291 25827 -0.350347706614004
292 4499 1.01043926801691
293 25909 0.293889299959869
294 645745 0.700061740247509
295 5935 -0.508490699075127
296 6622 -0.553297758646922
297 10769 -1.2711730511737
298 8507 -0.768834623202146
299 1763 0.252291551318637
300 54551 -0.393035370710606
301 1557 0.113340969493531
302 89781 -0.171692496576778
303 3036 -0.189425106857395
304 10632 -0.446166766816971
305 6256 0.518432308352208
306 6932 0.237101061151124
307 6447 -0.991160473416578
308 2271 -0.477191748055215
309 23114 0.535922193085533
310 8165 -0.240821730321244
311 55790 0.610678042065203
312 54970 -0.411403853166548
313 8034 0.162421439865438
314 4651 0.452764725918904
315 4311 -0.488525930456225
316 8832 0.201159462765014
317 79947 -0.207701474474524
318 7253 -0.0975116224707655
319 25978 -0.275068081082781
320 2295 0.309705124991788
321 2258 -1.29259731942895
322 51271 0.21014538665707
323 5179 -1.64731281788204
324 10193 -0.531285294527114
325 2697 0.710836764988262
326 7172 -0.27793724773635
327 23499 0.494750768799989
328 6456 -0.884783501123955
329 26472 0.311449406619968
330 55647 0.247428326274751
331 4038 0.602317786539544
332 6907 0.432235194582272
333 8459 0.369089800073684
334 5813 0.392230755858066
335 23247 0.238428400427863
336 6781 0.203148886283743
337 10894 0.22426973776336
338 23704 0.361257571517871
339 11170 0.663235573642977
340 4851 0.253075329846591
341 23034 0.736516058413038
342 5664 -0.294891005863549
343 2701 0.21420655942317
344 8936 -0.854105770537251
345 4521 -0.334224275710864
346 7779 0.473570077113575
347 2762 -0.209788188442842
348 23408 -0.101538825550979
349 694 0.379944148614502
350 10300 -0.422135185196913
351 6664 -0.161498340282909
352 818 0.330740648623076
353 11346 0.288979365571351
354 4501 0.896529407439493
355 6940 0.166900897484537
356 24141 -0.983446091426647
357 6750 -1.1221677713334
358 10413 0.271484104854637
359 1607 -0.758948993250379
360 529 -0.461098800046523
361 4927 -0.169277001763592
362 125 0.0916099163436321
363 9477 0.176408179170032
364 51451 -0.446170135678118
365 6310 -0.729235234187655
366 9353 -0.354861613073655
367 56954 -0.592275155803213
368 481 -1.03326286489908
369 3797 -0.319022806041614
370 6854 -0.26277385441193
371 516 -0.475101695735722
372 26468 -0.279248426081875
373 9125 -0.167560824440505
374 80210 -0.203290832221133
375 7100 0.287122795097027
376 51571 -0.26860808170324
377 400 -0.616035645941556
378 11259 0.252961418249305
379 54960 0.174261412435203
380 7979 -0.325830720727621
381 1965 -0.262527187607337
382 6014 -0.590960932779409
383 10270 -0.26120076641869
384 79137 -0.552391646681752
385 3073 -0.217344936382872
386 7277 -0.613772238212443
387 7881 -1.34997189825934
388 2890 -0.611728186062612
389 6472 0.31615614132313
390 9143 -0.840193625401048
391 8106 0.270897001505638
392 55526 0.29531234434468
393 439921 -0.558932938000403
394 9215 -0.442670602907608
395 30827 0.293612196893846
396 889 0.173672658662984
397 2830 -1.13111460840942
398 4170 0.254496641782628
399 37 0.494647000757366
400 29093 -0.2768724732557
401 55742 0.267029474571914
402 3097 -0.371030830122109
403 7041 0.449224520853531
404 55970 0.374210588178642
405 2040 0.468654932550402
406 7769 -0.513823651342708
407 273 -0.474846522908361
408 9467 -0.512731831461468
409 9890 -1.04740830201802
410 11237 0.180598095384265
411 5727 0.564206320859135
412 716 0.350910186670623
413 65979 0.282709664602566
414 23313 0.390901586009477
415 79762 -0.574482533783423
416 10069 -0.223351185636668
417 55096 0.309655044193499
418 8687 0.14843346889942
419 1645 0.422108173106745
420 55612 0.299505844699488
421 11031 0.427092628064413
422 1291 0.317179788729385
423 8453 -0.189035459093933
424 107 -0.897986721241042
425 6744 0.546895557065131
426 93974 -0.594670828349056
427 23329 -0.339725839604146
428 5532 -0.726177713032616
429 2287 -0.457770408256859
430 23013 0.383880472454599
431 23057 -0.714260626600785
432 23129 0.308818602469463
433 27147 0.511237469215232
434 1362 -0.266103301133892
435 84900 -0.407944694613937
436 140465 -0.547655725774504
437 5063 -0.316347539443544
438 7803 -0.355846307676309
439 154661 -0.437543432060913
440 54546 0.100681538925659
441 2009 -0.689780512717487
442 83660 -0.255686207110598
443 2596 -0.966648261760701
444 376267 -0.291138242137682
445 88 -0.486819604560468
446 3708 -0.929357501185979
447 23258 0.377676301475075
448 6662 0.543486931383743
449 9472 -0.26600884048561
450 10495 -0.298317249350354
451 2898 -0.286503996148251
452 23641 -0.400040249959485
453 39 -0.166907676036383
454 10368 -0.690438564327043
455 84934 -0.259410651786524
456 9063 -0.266232438021232
457 9868 -0.851328451779395
458 5504 -0.459965575065887
459 8905 -0.332252094889704
460 27077 -0.253591540847002
461 23016 -0.3669200000899
462 4839 0.293798921619387
463 79921 -0.282900290562708
464 6520 0.382699070996019
465 754 0.408242359758709
466 23503 0.347380946224062
467 5701 -0.291575041537246
468 23423 -0.240057355239149
469 10457 0.761204485150349
470 5873 0.146941967359804
471 2193 -0.146873550213172
472 8502 -0.813041848112898
473 6357 0.146829123991549
474 3358 -1.18919134846353
475 3712 -0.190325898075021
476 23155 -0.159162591587024
477 6441 -0.121928026106697
478 2254 -0.897821479761145
479 2335 0.503545504150832
480 57645 0.517313548351973
481 27012 -0.163764236073903
482 4242 0.25366860040217
483 1029 0.11844898328124
484 8927 -0.372292213047663
485 3831 0.4448782506055
486 7009 0.393239404777534
487 6728 -0.305466108596131
488 3275 0.191529197016084
489 27109 -0.199529304515105
490 4869 -0.29814870324414
491 55451 0.138982700085134
492 51588 0.303156981696787
493 119 -0.425636420762546
494 116985 0.244460817648851
495 1410 0.711623030216217
496 23363 0.217296754843338
497 3811 0.114747356811386
498 1000 0.259944629251196
499 2982 -0.708975258658917
500 57110 -0.154347126402277
501 1960 -0.783211980408963
502 84617 0.509300486154838
503 4601 0.321844723988328
504 5379 -0.193592615994021
505 9804 -0.742405875201763
506 3897 -0.457175094439677
507 10579 -0.396638559978933
508 10884 -0.3764982139016
509 4753 -0.946359153171191
510 1006 -0.177827785114141
511 57037 -0.525623862060981
512 23328 0.428719858942324
513 53340 -0.222800943463906
514 5361 0.336801204481662
515 10244 -0.229594389888128
516 5578 0.33661491448046
517 10049 0.767192085491468
518 558 0.481569996482817
519 9758 -0.322325478108154
520 54552 0.155579175732621
521 22926 -0.265901901443484
522 8623 -0.535327230742833
523 23033 -0.194287908824915
524 2161 -0.420181031339261
525 10654 0.272918183421186
526 5510 -0.142595100923486
527 3185 0.18818053609719
528 2788 -0.45839697798224
529 10410 0.502901485710387
530 26092 0.166639197398792
531 55367 0.175167419306451
532 7846 -0.307096508583102
533 6868 0.242414235280925
534 57468 -0.752215289090229
535 9699 -0.373035787209327
536 26059 -0.452117193710892
537 3709 0.229685147183424
538 5335 0.269370200972446
539 11130 -0.389433889788041
540 9653 -0.491059943278744
541 27230 0.383825533552512
542 29118 -0.368704663282955
543 1740 -0.141701143414956
544 64788 -0.197893631302303
545 5351 0.416673375862154
546 28231 0.760321800566373
547 4072 -0.639919854194222
548 6774 0.64869967681482
549 80036 0.464967846403167
550 55859 -0.636946985636174
551 28951 0.322946361685791
552 57150 -0.143006698941369
553 1580 0.13754777888233
554 1997 0.270619272093717
555 4905 -0.978421046419237
556 3321 -0.307020745535334
557 56675 -0.450017181789261
558 2215 0.412567163861994
559 221692 -0.752966820606713
560 78986 -0.210336711590678
561 8869 -0.480509460227234
562 3704 -0.218732434908823
563 5817 -0.115027382679972
564 4215 0.244044859509268
565 4836 0.387952747486359
566 1534 -0.413636733886332
567 4741 -1.14448638235611
568 783 -0.194345805745009
569 108 0.441570521116367
570 80086 -0.13201880641366
571 5797 -0.371379060252229
572 10776 -0.950334322428985
573 1749 -0.20243154565877
574 9577 -0.239590375623349
575 55626 -0.349281194115467
576 6616 -1.20495137333104
577 57610 0.0989129107694948
578 9416 0.285799892613819
579 51604 -0.270349687231846
580 3382 -0.170769657666312
581 29080 -0.255719902850841
582 9188 0.448171759499409
583 55008 -0.228034156510224
584 79154 -0.229283440857735
585 28996 0.57859627981359
586 196483 -0.198896096285469
587 23261 -0.815379007522577
588 5728 0.251724430088622
589 23564 0.398969403744681
590 4925 -0.380502052464809
591 26045 -0.489506423500044
592 6376 -0.493608180941068
593 26659 0.242674879678852
594 2247 0.70370303076786
595 50833 0.130423543229075
596 2677 -0.485964166926959
597 51700 -0.369387869845553
598 1961 -1.02918478662383
599 54758 -0.297766589609183
600 2172 -0.385293993842773
601 29106 -0.470059199662612
602 64431 -0.42111180413611
603 784 -0.284842722105507
604 7159 0.577898815584769
605 10857 -0.519890620215335
606 10605 -0.84001719030476
607 9794 0.225311172815149
608 10327 -0.383591779841167
609 8795 0.17491264456469
610 1646 0.357167494092779
611 54704 -0.563075266932138
612 476 -0.553376413337968
613 8569 0.230144425060702
614 23040 -1.21687714409255
615 8871 -0.270078207692811
616 5550 -0.136933896682096
617 23336 0.447848665619121
618 3251 -0.8102296922001
619 5530 -1.01452021631114
620 11020 -0.228794693928384
621 7323 0.472578858352975
622 5744 -0.0736028235485344
623 9482 -0.209720906963975
624 4852 -0.872898979235298
625 23658 -0.282747256628213
626 9715 -0.3881225216278
627 6319 -0.173764341505406
628 79161 0.362724042966596
629 7447 -0.711719087204839
630 9923 0.236276221998887
631 375057 -0.300170219394307
632 90362 -0.301876277566
633 8648 0.326152736194363
634 4983 0.218259486203214
635 55733 -0.138341990929658
636 29087 -0.474256703206532
637 9499 0.630884829330641
638 9645 -0.452622383613374
639 63935 -0.195760154296462
640 834 0.36122273782721
641 10653 -0.376563570844428
642 8671 0.0745520269182771
643 7518 -0.100034361210573
644 604 0.812792621071925
645 64219 -0.433990826324106
646 9922 -0.38590766111785
647 7162 -0.858272055443237
648 29799 -0.254957255521846
649 9697 0.202359066300854
650 684 0.393013485489464
651 9865 0.417430941996496
652 667 0.378072463361603
653 7857 -1.11489731513686
654 283638 -0.275753111935916
655 318 -0.184220277609001
656 11075 -1.03147531782681
657 56829 0.429834881913175
658 1278 0.324582784547199
659 64149 -0.105081223654788
660 5074 0.370434227579228
661 22927 -0.354869973295211
662 2778 0.283123302610885
663 81558 -0.207502383061267
664 2013 0.332902009048179
665 4976 -0.63306594459562
666 55219 -0.101446766413569
667 79039 -0.313076031791413
668 4354 -0.322729136084682
669 8745 -0.285496497779667
670 25937 0.532276138420913
671 8622 -0.418779142328951
672 1005 -0.264894451597122
673 7158 -0.201016855324479
674 6632 -0.292583977980604
675 25840 0.163892634772526
676 25880 -0.155251785189249
677 64772 0.153014818983465
678 25979 -0.178741725585995
679 8309 0.154897496251808
680 1831 0.33620848043816
681 23324 -0.250253271589351
682 28984 0.486655356564734
683 5033 0.569875854501202
684 51412 -0.384484758558301
685 3820 0.125687788004472
686 1462 0.365246947900657
687 51186 0.482902896025575
688 83714 -0.331945741418068
689 3912 -0.126230773891888
690 4171 -0.270043866445147
691 429 0.480458609320922
692 311 -0.377932731449098
693 29969 0.35424243060194
694 857 0.436052354020809
695 10492 0.402873047232836
696 4289 0.371496600438294
697 5126 -0.641787659883478
698 5516 0.343703880498406
699 55640 -0.0915109216197862
700 2932 -0.527023014578927
701 55167 0.384364119253186
702 3632 -0.803473077373932
703 10365 0.300373154701143
704 5295 0.424203819420947
705 2774 -0.964205005012973
706 8886 0.148288691619181
707 57292 0.137456979120581
708 4191 -0.3577556551825
709 7298 -0.449057474461245
710 84302 -0.408949077825651
711 79666 0.281887292752706
712 5160 -0.286336433444415
713 4664 0.435296603592216
714 23508 -0.487272460952698
715 1572 -0.0861151765873061
716 7049 0.475341431498054
717 60496 -0.654482723914451
718 5567 -0.812527386498994
719 55833 -0.164198015765846
720 79698 -0.408440936257736
721 63982 -1.43239565304168
722 51552 -0.263845944876878
723 58472 0.319212459319305
724 9459 0.477268673588346
725 9848 0.280143849281834
726 10905 0.149699232106214
727 113419 0.255207898872847
728 2805 -0.563596974972671
729 10665 0.145537287433251
730 1663 0.163881298767715
731 22848 0.434044915923124
732 5100 -0.984671762962319
733 710 0.353528024881989
734 51016 -0.222408876687717
735 1804 -0.517997096989896
736 23446 -0.225642231040714
737 5003 -0.13864045538412
738 5894 0.412790092093674
739 53832 0.115270738487179
740 26289 -0.5691126081632
741 1556 -0.197055787984541
742 5698 -0.262305209974396
743 1634 0.572462966322552
744 7407 -0.22966401612954
745 4043 -0.572213134174721
746 23224 0.17472624491356
747 55556 -0.206159023894148
748 7042 0.170629912154579
749 1644 -0.340004304016364
750 953 0.098888872045535
751 26013 0.187467678118105
752 2937 -0.31920924877496
753 5315 0.201195478992774
754 79796 -0.272916403327724
755 51805 -0.233566725339939
756 1620 -0.445270058027262
757 57608 -0.534471934631743
758 3486 0.524404548188587
759 26276 -0.28980963808254
760 10899 0.256177959901644
761 317662 -0.167967755824501
762 221981 -0.302066317028757
763 1435 0.174429328142287
764 55753 -0.384176850408121
765 5332 -0.202221382115029
766 5999 -0.341902914692647
767 55206 0.118084585822219
768 10465 -0.224043310829518
769 29015 0.147165085116121
770 79068 -0.283372221576419
771 5800 0.410300540593235
772 10231 -0.752023893045026
773 5293 0.365759165940593
774 23245 -0.276541558960578
775 655 0.290173897035082
776 11335 -0.299091805321562
777 55764 -0.217650773270728
778 22826 -0.262430137710909
779 9695 -0.190488022975382
780 84747 0.402570047732853
781 10248 -0.300819444429344
782 259217 -0.41832107404262
783 79627 0.154858497441741
784 79652 0.429149267397858
785 10740 -0.453261753148749
786 55238 0.203061610866206
787 9446 -0.303592808898399
788 4245 0.21895922188124
789 4063 0.167342270854745
790 23404 -0.282774887227476
791 7222 -0.257863339136616
792 9764 -0.480283234450519
793 7101 0.481700987808745
794 6785 -0.353156516293108
795 633 0.465511701795491
796 5297 -0.569485577148885
797 1282 0.371876163083003
798 3207 -0.156010010652126
799 5740 0.0930529281387305
800 10146 0.358626447941259
801 203197 -0.588242270819969
802 9369 -0.169017300255536
803 7035 0.066474592427884
804 10342 -0.121988503864058
805 2014 0.648954498927817
806 4330 -0.5714335695038
807 550 0.352226922633048
808 10873 -0.35539956705183
809 26528 0.144834967795628
810 23321 -0.11564048133414
811 2012 0.355829252320375
812 23732 -0.831316252938489
813 3034 0.0851972403055345
814 9912 -0.587682571763453
815 8634 -0.369557297715247
816 1268 -1.30222134980074
817 1849 -0.416982924908762
818 57506 0.197061761240036
819 10914 0.583561975660787
820 9871 0.0693732760679637
821 6863 -1.43482848157308
822 10636 -0.609992139347653
823 51362 -0.331433029578958
824 4134 0.411190793042188
825 384 -0.281711432569171
826 1809 0.377519561830878
827 22930 0.139563712496455
828 149603 -0.397584067860908
829 4595 0.187933973049382
830 4281 0.342233574827615
831 4128 0.399574533966236
832 28511 0.182315565888538
833 7048 0.433177677156452
834 10121 -0.353914121293529
835 10669 -0.182651616296486
836 57794 -0.19013902701656
837 4720 -0.347474410004152
838 10190 -0.361169494797188
839 5298 0.225485908296374
840 2571 -1.13700939479744
841 57338 -0.284040412124922
842 55975 -0.194686528170632
843 26156 0.207027976336544
844 26578 -0.27783638490492
845 79174 -0.263515269654205
846 7004 0.119229743253494
847 25900 -0.169531205759775
848 9456 -0.696019308838082
849 1719 0.191402029355774
850 5955 -0.740197081009401
851 7262 0.154874271764203
852 54780 -0.220239970315843
853 51547 0.177572166931958
854 79863 -0.101819142684923
855 8891 -0.221220246832655
856 64405 -0.198524770690429
857 8089 -0.136218515072514
858 7111 -0.407973796302826
859 10650 0.179708417508933
860 488 -0.679437630446307
861 57787 -0.491012672212021
862 23392 -0.566175804172577
863 9554 -0.892354754480381
864 55711 -0.316569596986472
865 5836 0.154948091233116
866 3337 0.99713079489225
867 23205 0.443349848827074
868 8440 0.31038362291304
869 3141 -0.163511272180053
870 9167 -0.30897449130717
871 399665 -0.266367920575874
872 79611 0.163962778461205
873 10209 0.292741670222638
874 1200 0.302615419023152
875 254531 -0.486319413601469
876 10797 0.713652774385666
877 2891 -0.739989552741436
878 10230 0.148039204585241
879 6804 -0.192454910658094
880 387 0.339284087144422
881 24148 -0.15361590891915
882 8567 -0.191505445925952
883 10362 0.407350175537611
884 23135 0.198379584550848
885 10595 0.230248852108839
886 6016 0.180708073221775
887 3434 -0.349629924377579
888 23580 0.385322163491093
889 50509 0.360118342114854
890 56924 -0.504456032640356
891 10531 -0.240019386978465
892 8773 0.510514452009535
893 26010 0.359925660498527
894 441204 -0.168016942776695
895 64285 0.233227188193094
896 10644 0.40186659465018
897 10693 -0.267549577520731
898 1741 -0.476331579461267
899 5238 0.242111475394957
900 2876 0.499804744393655
901 6657 0.447584698126793
902 55909 0.176962624825205
903 9531 0.723626908412474
904 9570 -0.104514420824704
905 1780 -0.75139940566782
906 64760 0.167964236445396
907 78994 0.347737277243107
908 25771 -0.186075703798687
909 1131 -0.47011766710743
910 51691 -0.139182573611857
911 11041 -0.476069705579967
912 10657 -0.331145334505042
913 10087 -0.406323758224843
914 8900 -0.213785541060616
915 2115 0.136912675524023
916 10562 -0.0889348001668955
917 9780 0.360710265485281
918 9522 -0.474312883695857
919 65983 0.58052339317282