1 1644 -3.2916253430384
2 5122 -3.18031556721694
3 2321 2.05075261504852
4 6531 -2.5474584827707
5 7054 -3.12698870141431
6 79948 -2.57047281508647
7 6571 -4.01554027771992
8 55831 2.4094794917839
9 58497 2.09553256046468
10 85352 -1.18564855118408
11 23316 -1.12901369082369
12 83729 2.10414603896337
13 51412 -1.19575572542102
14 2358 -2.05299358737954
15 83744 1.80753147251718
16 2258 -1.78795510270477
17 1441 1.70831049826882
18 57107 1.88458666356654
19 1404 1.97638603199175
20 5473 2.28360367000001
21 8788 -2.05878561262848
22 55713 -1.86460715608185
23 4948 -1.65525248445881
24 3337 1.3731526812981
25 6375 -1.59651669489086
26 55214 1.47530075033993
27 6768 1.79118991190005
28 81831 -0.795099705217645
29 23142 -1.07560046474386
30 10231 -1.14877657263763
31 4173 -1.56229141557165
32 999 1.90498438438682
33 79762 1.4852755489577
34 5100 -1.58385262850624
35 4629 2.56000251929022
36 47 -0.76297403683281
37 79094 -1.36412024471073
38 10534 -2.1023842985818
39 81620 -1.17333241463743
40 2632 -1.24196450170579
41 43 -1.66990713238044
42 3339 -1.54413061217589
43 6329 -1.51484701727761
44 79077 -1.3453323317933
45 1356 1.58596495599234
46 21 -0.815649294677559
47 27065 -1.66208806460932
48 4086 2.71217326680459
49 65055 -1.22523318289401
50 5664 -0.882765249207404
51 54145 1.62096243833662
52 1392 -2.16854041344289
53 22861 -1.3233101780898
54 151050 1.87406845150603
55 1577 2.15509949788956
56 100505494 2.02063476901089
57 1495 0.655822471376389
58 983 -1.88399070369279
59 5629 1.77858890244716
60 64925 0.863234025140263
61 2806 -0.7753696685685
62 10326 -1.54900181866053
63 146 -1.91090377248976
64 6655 1.8234722921256
65 1146 1.91051973905614
66 84934 -0.776463093882598
67 4193 1.26799106455512
68 2931 -1.6475120441585
69 6867 -1.58361314660833
70 4153 -2.03383805330576
71 5731 -0.903412321478565
72 51266 1.52209530032236
73 10919 -1.12927070753074
74 93487 -0.994039916273
75 79905 1.08507526669387
76 2596 -1.63848321118964
77 690 1.78953157371807
78 79896 -1.40396941772863
79 3795 -0.986881454527845
80 8886 2.14665617838077
81 2890 1.38544894869294
82 1813 -1.04896581417181
83 2778 -1.1973853622135
84 10630 1.53955388526054
85 2172 -1.96310962396884
86 79927 1.70322074788176
87 5026 -1.66690469726662
88 25893 -2.53536588866739
89 79947 -0.785542947211817
90 5578 -1.3479244780839
91 3897 -0.96791299164552
92 79740 1.98142750429123
93 57419 -0.899780125073334
94 7874 -1.73251006027776
95 350 -1.7169536884614
96 1979 1.26420572824895
97 6275 1.52905667513758
98 347902 -0.765019197004435
99 3572 0.839911318464302
100 51385 1.343226734465
101 7052 1.35448052011295
102 29781 -1.28498160357068
103 9583 -0.779639184393803
104 7857 -1.82658013689214
105 79819 1.15279901649792
106 55906 -1.1970410807651
107 5782 2.28357137515389
108 8492 -1.95659252698896
109 800 1.35180538794177
110 100507605 1.91732142831206
111 51286 -0.837592944751198
112 81577 -1.17917786718773
113 5999 -1.61087232578437
114 1663 1.37656109208274
115 138046 -1.04420347396605
116 404093 -1.6449753438208
117 54566 -1.00749616636207
118 3833 1.47006318795954
119 1825 0.690836112707813
120 2921 1.55845579183326
121 597 1.22220244373263
122 79154 -2.11889989369749
123 55175 1.09453588097885
124 2063 -1.33625278136907
125 643314 -1.08784224658959
126 199731 -1.07577034469474
127 11054 -1.25385216362822
128 10628 1.02167875499346
129 23545 1.66116539079123
130 3500 -1.27735931181702
131 2671 -2.21009892328972
132 1534 -1.00472322043185
133 94239 0.622053867285948
134 10160 0.91796506709423
135 9723 2.2924616372156
136 11074 1.85493656785161
137 10451 -1.03729727288629
138 6623 -1.49661299738678
139 51663 1.37371103890294
140 5824 -0.715995461990532
141 4487 1.15384653897786
142 51617 -1.30477453811966
143 25799 -0.769764975157705
144 10963 1.81939849932586
145 323 1.64978675727069
146 309 -1.11459678156494
147 1949 -0.585873137429261
148 7852 0.968431209122431
149 7431 1.07583086950887
150 5979 -2.36734057984833
151 6844 -0.695659097770664
152 1107 -0.616694516265681
153 28831 1.09259004105273
154 22999 -1.63976070861769
155 54801 -2.19437203156827
156 26333 -1.53118917799814
157 26047 -0.774491841970821
158 2998 1.8558473077815
159 8578 -0.766813016513701
160 899 -1.49328312137392
161 22891 -0.593236147092654
162 284649 -0.879966663527744
163 841 1.50411299025319
164 5645 -1.61727824707907
165 11332 -1.08747014202843
166 2353 1.1866716628708
167 9227 1.26890231582596
168 57597 -1.01532115146582
169 9757 -1.48099778476613
170 10316 -1.05323292130337
171 8567 -0.688320997139281
172 4208 1.15541168305365
173 3558 -1.79333226813686
174 2760 1.66945222600261
175 25979 -0.997616507564305
176 6326 -1.23160503699721
177 10672 1.78340540509881
178 25804 -0.600349551770464
179 79940 1.90609303372387
180 7804 -1.78783664339556
181 127534 -0.908145964702067
182 80205 0.815427430555665
183 25774 -0.857634891596308
184 55133 1.05583257856649
185 7746 1.21592285412396
186 57493 1.54742582289
187 631 -1.49127852448317
188 7545 1.06679711388385
189 3067 -1.61883286528106
190 22936 1.58330130466366
191 79026 0.858994487108031
192 4820 -1.81349863456748
193 1741 -0.667203300843758
194 22836 0.946231958268177
195 955 -0.706386993724855
196 412 -0.771963441549831
197 374291 -0.671243311556571
198 138050 -1.25254631632618
199 79589 -1.31505132409274
200 23261 -0.885472279851212
201 216 -1.73377991807765
202 4284 0.935631055632006
203 695 0.80288456226826
204 54741 0.688389848877779
205 5149 -1.30865616790573
206 23287 -1.3431444705962
207 64781 -0.741320679861356
208 7323 0.68045544995783
209 2246 0.74141642745609
210 8941 -1.35065725477918
211 8321 1.30985382127463
212 10425 2.19615573767337
213 11216 1.15102876914408
214 63976 1.30270678300122
215 6597 -0.546536800423499
216 10073 -0.609509061339418
217 901 0.96332228305719
218 23409 1.60408000776284
219 84900 -1.6784109361439
220 6400 1.66485768135212
221 26470 -0.820325353017624
222 91647 -1.36040096699897
223 1258 -1.97702003952407
224 10395 1.38936837374453
225 2019 -2.29899947957849
226 24148 1.79105756324489
227 30820 -1.21140562916229
228 9114 -0.627136522102829
229 50999 0.73721400924906
230 7204 1.38726204145102
231 526 -0.891644142036233
232 5350 2.54254292735858
233 7750 1.53143045182338
234 9736 0.912805489325627
235 93664 -0.781109056688024
236 56521 -0.631997909722605
237 6876 1.22243842716486
238 55227 1.94760245296523
239 7001 -0.8838660330459
240 10179 0.914828992787698
241 10563 -1.49564268603785
242 2785 -1.06249998166607
243 9043 0.63078055800433
244 5934 1.25253190183863
245 1843 0.832283503504208
246 51704 0.909397419028457
247 79621 -0.674708301712149
248 6716 1.16223916829177
249 9094 -1.18546884917333
250 22983 -1.55451341169192
251 8906 1.21693777676995
252 3421 -1.36772239376457
253 2040 0.588977867107397
254 2250 -1.3674876712949
255 2316 1.10412470820828
256 11075 -1.81906598910894
257 55729 -1.80939335679755
258 58525 1.54003851145467
259 7006 -0.709163707942704
260 965 1.22387669768833
261 1834 1.56648295591518
262 50813 -0.533409182301132
263 5873 1.23567501290344
264 9557 1.59149856638363
265 10381 -1.05247970899413
266 22990 2.04820249500011
267 5740 1.23102535423216
268 54541 1.07436969064831
269 3479 -1.53059604035117
270 988 0.742810087390569
271 155066 -0.762390890833599
272 5126 -0.935468004118744
273 10555 -1.48707072891828
274 5868 0.529608812782124
275 51654 -0.592646894574112
276 7080 -1.34940265991131
277 2028 -1.81964778735591
278 10178 -1.28604046399942
279 694 0.703556910166723
280 794 -1.1833201336939
281 3035 -0.539275318683941
282 9813 0.691228698997711
283 56114 -0.712576697409968
284 5768 -0.649602257050553
285 9563 -1.72755927263303
286 8945 -1.65171230175664
287 5125 1.26645275128048
288 6009 1.13584703692386
289 5935 0.846185420440573
290 2331 0.672980153642468
291 10979 0.798760491686036
292 51465 -0.800132063604453
293 7277 -0.952368320575253
294 23022 0.86760192291611
295 4023 1.41551040842438
296 57158 -0.67562091344145
297 3480 -1.79636849529597
298 729991 -1.43131177728619
299 1285 1.20600165905699
300 55187 1.26879153025542
301 64137 -0.721218079916738
302 1080 1.73028269011532
303 4808 -0.619327159630621
304 79136 -0.989355627184684
305 23544 -1.52538016469197
306 57613 -1.44154587502312
307 259217 -0.792662226061156
308 8336 0.771628730855723
309 793 -1.37037273275186
310 57110 -0.878519769695547
311 7345 -0.988754601566184
312 4818 -0.772642138850387
313 23032 1.73245939108438
314 10112 -0.899556070429142
315 9811 -0.794503187944199
316 125 2.08078475992036
317 51347 0.958219825341517
318 81606 -0.754281761952651
319 827 1.93888404859597
320 865 0.94687942337754
321 7280 -1.0760655424938
322 79836 0.74097373031093
323 8508 -0.626214309894787
324 10611 1.89542507530428
325 27333 -1.11990196174534
326 10010 1.55814673096717
327 54476 0.900851651115258
328 3984 -1.34360433535243
329 2289 1.81614796358759
330 1385 1.89275479982511
331 3237 -0.873647111609355
332 9681 -1.08029625225949
333 56834 0.508552207324095
334 6702 1.06989857286429
335 9158 -0.586412810178782
336 9046 -0.923297751455057
337 9843 -1.64703446879647
338 23560 -0.668993007191842
339 7073 -1.23406892377802
340 9786 0.613772657164194
341 4683 1.59508886388936
342 3642 -1.53752654008838
343 5526 -0.577294146489773
344 1780 -0.842658262307568
345 80896 1.64827475050672
346 885 -0.789437984224073
347 80243 -1.54609485017239
348 8997 1.15477804217188
349 55630 1.13704072752248
350 55101 -0.853507371994693
351 80148 -0.680716849956689
352 51143 -0.573829503492472
353 5134 -0.60090844208218
354 57223 -1.00737616410197
355 10383 -0.673573128533269
356 7074 0.649548232310223
357 51237 -0.726656477891412
358 51761 -0.986097577131915
359 1737 -0.615549324512691
360 26005 -0.685596718831767
361 284 0.867335360992239
362 3490 0.792724952977366
363 2773 0.827581090505284
364 10493 -0.573659356824653
365 55334 1.69465252653472
366 8073 0.644773504361824
367 7556 -1.87231209118399
368 54475 -1.20154156873617
369 6402 0.846856230782242
370 1837 0.975277762089033
371 23335 -0.548040982288629
372 4651 -1.11949250600641
373 262 0.739389996478765
374 54551 -1.24192459031385
375 9162 -0.786905502641333
376 2305 -1.03395641289786
377 60482 -1.72185036291724
378 64754 -0.756690668894378
379 4435 -1.26584837390077
380 989 -0.499514248811939
381 9792 0.690512553590536
382 80217 -1.09274943212435
383 4170 0.714523860112041
384 9986 0.554531298928462
385 51480 -1.05542791699077
386 80128 -1.33229919038304
387 5444 -1.20029014730408
388 56005 0.549210130422376
389 677 0.797588705333351
390 10521 0.744675616107145
391 9697 0.957237218090767
392 9514 -1.14877472334387
393 9254 -1.00087204206548
394 783 -1.44353096554841
395 6783 1.10460287784773
396 54971 0.851035428045897
397 199 1.51775261290952
398 3459 0.543084024703053
399 55061 -1.08906182943997
400 1339 -0.541450932569821
401 1774 1.82548920952767
402 7225 -1.25935107066341
403 5596 1.06495089532554
404 85452 -0.744258720954796
405 55859 -0.831760644319884
406 11055 -1.70544937750621
407 79143 -1.49868145029946
408 9136 -1.05037887595122
409 55225 1.25172093833613
410 54112 1.37872661944415
411 64112 -0.783106230989061
412 55811 0.821099498055505
413 185 -1.11315791997051
414 200316 1.22587717016804
415 51136 1.33063210461624
416 4674 -0.698888485035381
417 10302 -0.542334339433895
418 1794 1.29574651745538
419 5480 0.998051278881309
420 2915 -1.02923298762122
421 10254 0.500303536778958
422 7543 1.86167599111264
423 1413 0.738870347093164
424 1488 0.536358474624883
425 84619 -1.03485809094547
426 54581 -1.58793401274888
427 80024 0.962771967152078
428 5108 0.815740407002712
429 10923 -0.805281203468706
430 398 -0.690788899080823
431 9656 -0.586218143577161
432 1562 0.951565595199127
433 64375 -0.560513176772398
434 55026 -1.23834981753421
435 27072 -0.875058548463736
436 203068 -0.547156627944196
437 5366 1.71525303213773
438 3712 -0.914236311946087
439 2796 -1.95327499739967
440 8552 -1.22680156547497
441 9837 -0.974606417163364
442 3268 -0.726909295342144
443 4085 -0.744844564126231
444 90379 -0.805381441419589
445 667 -0.685991866141263
446 5352 0.76137650382323
447 59 1.28571118604206
448 10683 -1.24477737608634
449 55353 -0.449427006832936
450 58158 -1.04193747638329
451 1841 1.14338075988261
452 9783 -0.92393460309289
453 6334 -0.728618483824203
454 64446 -0.855900554325591
455 5033 0.687751326278345
456 1212 -0.588863887651228
457 79137 -0.513706591788784
458 728621 1.29963005114703
459 538 -0.573160414898598
460 123 0.995468160144242
461 4675 -0.66053511572767
462 5583 0.786102471906951
463 1832 0.574195798869843
464 6508 -1.65797253961207
465 347344 2.18058083168652
466 1994 0.701927799079185
467 88 1.0040001411848
468 55277 -0.67420923483022
469 2253 1.46786563300963
470 11247 -0.966739003866246
471 4606 -1.00334027869135
472 8556 1.80309896296838
473 6382 -1.12849329891147
474 6559 1.17390686174851
475 4256 1.59793123611795
476 1606 0.690418577473813
477 2625 -0.87957471856042
478 22848 -0.985988963415864
479 65258 -1.48942618672929
480 6665 -0.827348102552223
481 23074 -0.586766273310847
482 6444 -1.53555484009564
483 2326 -1.12911755499054
484 6760 0.926267823153883
485 7253 -0.885944395634132
486 114884 -0.969255290489516
487 9653 1.60789939866716
488 25937 0.669152216132657
489 9469 -1.12786825000458
490 9399 -0.522770353093931
491 55623 1.53215566494962
492 55010 -1.55027090231788
493 4935 -0.864900022073826
494 10018 1.42699978652225
495 79890 -1.155410353994
496 84196 -0.675602019168877
497 6440 -0.69300403473547
498 55139 -1.88590276386288
499 5272 -0.546334063733427
500 1114 -1.00833573845667
501 158471 0.469198525733161
502 3696 1.29941384719595
503 1378 0.675232378891222
504 25941 -0.557546773228161
505 6319 1.64391793481499
506 161 -0.503636603095342
507 7352 0.895797385313198
508 5893 1.96788056229476
509 3693 1.11135168744507
510 3507 -0.69430628046617
511 8604 -0.606041355786764
512 5978 0.73228882078859
513 2100 -1.36685424377015
514 9126 1.69445209976627
515 55206 1.1253774002257
516 3399 0.888966497039425
517 2249 0.615078418000435
518 957 0.86000056156796
519 4293 -0.757879603699278
520 151 -1.25288575042432
521 56902 0.451792784151099
522 79748 1.05294591457527
523 27071 0.774747488059636
524 201626 -0.892255469106576
525 9922 -0.499652358061163
526 5910 -0.562415816550599
527 6622 -0.878681039372273
528 9764 -0.638103751255068
529 440352 1.80528214999376
530 5087 -1.04567406523555
531 53353 -0.582351492729755
532 1543 1.39311189400243
533 6832 -0.478378110812162
534 202018 0.817566216473637
535 9623 -0.883208499458225
536 2263 1.26296091990309
537 389677 1.19249550267466
538 10325 -0.58047650976378
539 94081 -0.66306434411707
540 103344931 -0.59959377501976
541 9674 1.39632583613421
542 9931 1.19777592880396
543 3445 -1.37846121607448
544 9892 -0.907688901457257
545 5799 -0.912278670664747
546 1054 1.67073873540184
547 90338 0.691093031948022
548 55547 1.01700745814134
549 2196 1.2295984062162
550 4684 0.530732506381315
551 6672 1.18059769043868
552 5355 1.21197431205249
553 5275 -1.46696160593377
554 4049 -0.776384203020172
555 6677 1.59452144030219
556 55000 1.24804653072985
557 4838 0.951253425851328
558 6863 -1.24191059184214
559 4861 -1.80613212017413
560 54619 1.0444196384882
561 55313 -0.936082624966036
562 291 -0.889894315069077
563 92104 -0.521133733867114
564 29902 -0.622870610027973
565 28981 -0.496201737387538
566 6318 1.8724732178423
567 4680 1.16212281710754
568 10248 -0.468403878893666
569 51278 0.602884511552918
570 5962 0.513863914445507
571 535 -0.476078368213534
572 846 -0.828496654168373
573 79685 1.42922585330008
574 4094 0.930488681582506
575 10130 0.59788519744922
576 23471 0.565345544949937
577 9145 -0.85907783646175
578 23405 1.89139921392397
579 63917 -0.515200622383275
580 527 -0.511455867103834
581 7169 1.66075975794992
582 6515 1.59803692376898
583 3358 -0.978494859778057
584 1040 0.9761548915118
585 55086 -1.26454684380627
586 58517 0.871709366049321
587 79446 -1.18629215537565
588 23543 -1.06836976382939
589 3488 1.08530970171574
590 351 1.04434342847643
591 9942 -0.72110167619055
592 10939 -0.565637144726295
593 8522 0.574516867647953
594 4001 1.37323988918622
595 6833 -1.12077675925267
596 51106 -0.584953026356005
597 27069 -0.602365000458308
598 79776 0.694863950746483
599 54433 0.787944407028975
600 23158 -0.563528345746537
601 953 0.99699677187985
602 4301 1.428539213745
603 734 1.45004613635866
604 5003 -0.844299187575913
605 637 1.09705769872065
606 3458 -0.479960387227708
607 481 -0.542040655287598
608 9726 0.993485900701272
609 55152 1.08980928341143
610 26276 -1.58885764859766
611 5602 -0.678212240307897
612 6093 0.55430027082952
613 26138 1.29057380919586
614 7158 -0.593010591605562
615 10086 -0.959015739487556
616 25900 -0.710886870078087
617 55196 0.579113244363935
618 7088 0.511661401078793
619 4704 -0.614458308961201
620 51619 0.881986204614901
621 10154 1.01706006900644
622 10368 -0.811502215242389
623 55654 -1.20620290221963
624 8870 0.663613991373493
625 55818 0.792914783357735
626 78992 -0.999834751115095
627 3973 -1.08958556138378
628 100129528 -0.778520534732774
629 5733 -1.26003883365131
630 5509 -1.1963270300119
631 26059 -1.67426034368443
632 85458 0.730968573677053
633 3553 1.35439898067385
634 7078 1.39844858509756
635 51176 1.30190546004403
636 3676 1.39223383830632
637 2909 1.15518172483558
638 55165 -0.723526822828724
639 40 -0.846178824518328
640 27343 -1.09506784177184
641 8506 -0.539203777050622
642 64718 1.32308709432182
643 4958 0.645653869909214
644 4747 -1.45373563364261
645 57149 -0.499914227275434
646 11020 -0.521529552789455
647 6709 1.04436578991254
648 64854 -1.15700207791057
649 27344 -0.69993421241618
650 5373 1.54115117987997
651 79854 1.09166794258538
652 10540 -0.499430869604105
653 10609 -1.12035859768125
654 53826 -0.63479034768117
655 3363 -1.04236187682463
656 9921 -0.443976818737803
657 27252 0.817542458399799
658 11001 -2.03969617677719
659 64816 -1.42314828589247
660 27240 -0.8862691237846
661 2239 0.627612927080969
662 9021 0.533404174663591
663 2897 -0.98847634446878
664 27075 -0.68310102419717
665 10207 1.71543158431179
666 64344 1.04590731664853
667 63897 -1.06544055520398
668 8756 -1.42646002963929
669 400949 0.421299540352216
670 3172 -0.623905921459507
671 63940 0.76751721743772
672 57089 -1.50614367345989
673 4308 1.58663699502811
674 9890 -0.843684079463627
675 26707 1.45887043494541
676 57037 -0.54076900886963
677 4686 1.01369688704222
678 7059 1.00586749893596
679 9118 -1.38102442753152
680 23008 -0.821059853328316
681 4613 -1.50119749826753
682 6801 1.35966566890515
683 6857 -1.32441151522555
684 79882 0.86932070130114
685 64320 -0.867562702894173
686 23522 0.473124366787974
687 9053 0.542900142343784
688 2124 0.6685378556144
689 5128 0.753165642491667
690 4900 1.34390390295805
691 6885 0.499788675318837
692 4185 -0.656165279551095
693 4131 -0.564874998908769
694 375056 -1.05337497842729
695 196740 -0.66577484854691
696 516 -0.441350683196065
697 89910 1.0817350785502
698 5682 -0.497106116373844
699 80034 -1.13804127521682
700 23676 -1.8531591504315
701 60385 0.754072638388958
702 5309 -0.824903394150649
703 81609 -1.34178879107009
704 4809 -0.516949698150176
705 3906 -1.13812170999097
706 11202 -0.69197545838708
707 7447 -1.12298156071529
708 80142 -0.800405626751765
709 65981 -0.587047076946473
710 56938 -0.59053601640019
711 51768 1.50152397271683
712 10730 -0.861670501866612
713 83461 -0.918165432611685
714 83988 -0.600516909811141
715 492 -1.15961338521273
716 2983 -0.690519902788771
717 8288 1.0772890554814
718 389906 -1.637793484279
719 5631 -0.491668006217687
720 5732 -1.01638725215382
721 10205 1.35143104899876
722 100129361 -0.668266976741779
723 9719 0.977494499884175
724 8473 0.744481428456754
725 6046 0.521501395330369
726 4149 1.10277905320064
727 81621 -0.834908428886259
728 9829 -0.614794052627492
729 2775 -0.585714185420631
730 143 0.51286427389798
731 4146 -0.85054724106346
732 862 1.38534806829331
733 83481 0.743106677957187
734 4034 -0.702598060337018
735 55693 1.48549194272088
736 1812 0.949371583638648
737 4744 -1.40065522253922
738 286451 0.493417818022862
739 80778 0.769559036552494
740 9143 -1.11404304738277
741 6387 0.624538587030139
742 2669 0.705951994331446
743 11144 -1.18076427486804
744 4837 1.51862389650394
745 8909 -1.02710627874864
746 2743 -0.685543836280385
747 4976 -0.589876934756746
748 57125 -0.656517752559282
749 8303 -0.550436602112907
750 5754 -1.15113050993059
751 10210 -0.678986804805
752 26002 0.800383299192318
753 4905 -1.2526202911805
754 91754 1.18853232885397
755 347240 -1.52317840465816
756 81034 -0.546866742881817
757 56255 -0.628412266943199
758 28231 1.53120607010554
759 79989 -1.34725803880406
760 54626 1.32172162105728
761 51603 0.541129207240346
762 1200 0.927829787989768
763 5155 -0.844820281244977
764 55916 1.25611326546959
765 120 0.625820852526846
766 55764 -1.45512595951176
767 26013 -0.699321261424461
768 2805 -0.797019651208947
769 79871 1.23311927785502
770 5577 -0.907468315342832
771 51560 -0.657477309803291
772 886 -1.31673835138419
773 7184 0.732872689092347
774 9568 -1.08036700441131
775 29844 -0.529615260498973
776 79703 -1.27066416003817
777 55283 -0.867073347600882
778 10891 -0.941684332254021
779 5316 0.951284645984897
780 8554 -0.497645654851278
781 10799 -0.616420070579831
782 1738 -0.550298963664203
783 5586 -0.771100570897663
784 2799 1.46046876224595
785 390616 -1.06773431572822
786 3805 0.714046876331887
787 2192 1.13412772857653
788 57088 0.605981519809651
789 6449 -0.767707814038427
790 6756 -1.07479668155586
791 6954 -0.79150188129579
792 472 1.02771443341285
793 10128 -0.481648263841607
794 318 -1.55183589862751
795 11010 1.71570633690146
796 23428 -1.19537852212794
797 64232 -0.972934448266439
798 9189 0.536195934301711
799 869 -1.71265454558891
800 10621 -0.651650595722427
801 7306 0.702801559554877
802 7177 -0.910940587531641
803 8301 0.525406200463537
804 57863 -0.710766426367491
805 5175 1.34755728319507
806 65009 -1.27794257659645
807 7286 -0.553573348562301
808 100506699 -1.47917397555228
809 1956 -0.76229025402359
810 270 -0.627311540060314
811 10440 2.10911947972851
812 9976 1.33074967896903
813 2529 -1.01453824613972
814 7867 0.47025733308149
815 55127 0.477886515296301
816 8418 0.582672857758986
817 57211 0.724713057108082
818 25771 0.858112759405604
819 27079 -1.2663798771498
820 84364 -0.435372902343751
821 5627 1.36889435982
822 79623 -1.11809614206515
823 2026 -0.869792444425963
824 2037 0.496232847960884
825 51322 1.83339442434619
826 26094 1.30329660761199
827 166614 1.37104485546214
828 22897 -0.437808437870348
829 3576 0.855320796294902
830 7975 -1.07041001369418
831 5051 -0.668563216764912
832 79981 -1.09197827321084
833 7979 -0.509989361451809
834 10579 -0.580781113346136
835 7009 0.676676123171831
836 55190 -1.14419932167173
837 7043 0.571555320333284
838 10492 0.684914696199586
839 3638 0.691923924540462
840 10772 1.84109410733124
841 9687 -1.32297424280396
842 11250 1.31202073569517
843 3382 1.34862654358462
844 2567 -0.907413791494259
845 1977 -0.692306026417147
846 292 -0.45263905112882
847 57053 -0.936026227724735
848 5780 -0.507360890423046
849 10767 -0.721397296829118
850 4752 -0.769050528504847
851 4351 -0.512613005679754
852 11170 1.3158667638188
853 226 -0.543237162312654
854 27019 -0.925966235487172
855 647070 -1.80249964789256
856 2543 1.46689858042216
857 23060 -0.681402834830551
858 55697 -0.798868570886476
859 636 1.22306085605739
860 4892 -1.25116887365132
861 3439 1.19960142320321
862 51550 1.25598271436374
863 3824 1.15179391300244
864 2683 -1.35593368926616
865 28996 1.26106197716616
866 56302 -0.953287245466498
867 273 -1.00190167491826
868 3201 -1.14374635920997
869 22881 -1.0134828752719
870 8324 0.88477017043508
871 26043 1.12668247516982
872 5326 -0.966306023224158
873 8120 -0.756682954334819
874 10570 0.873691466839065
875 9900 -0.957715785774994
876 5077 -1.06277557400093
877 1291 1.03282928813576
878 6328 -0.745630225287415
879 23473 0.659275299884874
880 9261 0.881114422013462
881 10962 -0.798648258532751
882 9378 -1.09352932447064
883 26986 0.482904019944508
884 2787 0.776019648984836
885 90806 -0.887323745061545
886 23072 0.898720783373969
887 60485 0.485097548400306
888 2161 1.13491928436221
889 10106 0.514485403084646
890 57509 0.699027161410799
891 822 0.607648782736358
892 27130 1.32943900969627
893 55002 1.24057774384001
894 10376 -0.440174484891399
895 3654 0.494569477288891
896 9940 -1.10410610113498
897 29774 -1.49126540882749
898 60314 -0.577353169299434
899 11169 -0.640594680387372
900 51330 1.05503115311069
901 7358 1.04374766729869
902 1185 -0.406113524833991
903 8834 -0.672961662267633
904 56112 1.00272516263202
905 56949 -1.12624210125587
906 5891 -0.744962944446875
907 23196 0.546565288686182
908 1015 -1.02381191892313
909 219595 -0.683782343181
910 9737 -0.680507650144484
911 55228 -0.711778260700077
912 4882 0.528906860852468
913 3241 -0.655780127330447
914 429 1.01647544117447
915 63876 -0.491939036468003
916 25820 -0.59690865991405
917 4998 -1.12163871630376
918 7093 -1.35792088294674
919 1783 1.35890981775537
920 23007 -0.483414286658253
921 4122 -0.603013388743642
922 8228 -0.599898287200702
923 100507458 -1.02757581382461
924 92552 0.866459358635383
925 9894 -0.838396348479937
926 1281 0.813217824471884
927 7168 0.926853011635313
928 1365 1.27837336146786
929 2304 -1.52580900564759
930 7572 1.23284897029015
931 8658 1.00979140179527
932 8459 0.95242928657096
933 10238 -1.04798155688341
934 1030 0.851436321820604
935 4318 0.471947440629188
936 10260 1.46399575951564
937 23291 0.59330374946616
938 8651 -0.72287215267412
939 23140 -0.624930961977424
940 2744 -0.695755119549208
941 9501 -0.612163835562509
942 3574 1.22305497943202
943 3769 1.65014469238972
944 9278 -1.02438777561188
945 258 -0.723638686136854
946 7082 0.492491954613887
947 57615 0.896942721238149
948 79726 -0.563780444537381
949 1775 -1.26910853435276
950 51198 -0.755790074003927
951 10762 0.886717061291591
952 23468 -1.12450452977561
953 26121 1.47031053774619
954 55150 -1.2676267230062
955 3748 -0.979210757580465
956 22823 -0.766977075939701
957 5970 1.04112391271268
958 10203 0.96387194137033
959 1742 0.696232982178771
960 4072 -1.10479709354771
961 116496 0.640727638680887
962 59339 -1.11388555559575
963 26509 0.944872559812136
964 8476 1.19271001236981
965 83759 0.458202960442267
966 551 -0.778851740209754
967 10605 -0.487303446451669
968 9605 -0.656333695317836
969 90411 1.47525775134137
970 57599 0.659822051389047
971 10241 0.445337734862128
972 54014 -1.1636308986861
973 7849 -1.60856113537118
974 2205 1.2574394106216
975 9868 -0.537644721873955
976 3428 0.911876611544408
977 6840 0.982334176079333
978 80174 -1.05163116670544
979 9002 0.984235020333748
980 3895 1.70864724177903
981 3797 -0.64865812261713
982 55867 -0.64679912901716
983 10217 1.16829555994539
984 6843 -0.907398311468059
985 55020 1.15134157952629
986 4168 -0.610367510981437
987 3831 -0.713503661505857
988 51533 -0.423924472191627
989 813 1.20403175487639
990 5271 -0.729497125253986
991 5329 0.808205856851746
992 8620 -1.16794541556699
993 51491 -0.626334708798828
994 8854 -1.40083343079783
995 1513 0.523930978898715
996 2271 -0.543514492963419
997 1012 -1.0667780889613
998 8499 -0.528533920454258
999 6692 -0.627413779540028
1000 58516 0.599568724856339
1001 55089 -1.33634925111153
1002 3017 0.859344542003904
1003 24142 -0.884825455599807
1004 4267 0.53474341748057
1005 6741 0.51174082496664
1006 10463 -0.473095922989984
1007 23608 -0.661258966615939
1008 79572 -0.617734787249219
1009 57406 0.444769958084623
1010 2150 1.10286763450908
1011 3998 1.21600259156618
1012 9248 -0.573477803220648
1013 5671 1.31019721681406
1014 8087 0.785524556873448
1015 3752 -0.713515356513037
1016 1634 0.550646316615664
1017 5054 1.10707542725153
1018 10398 1.90564963820432
1019 85477 1.29715042000502
1020 56253 -1.70132916821551
1021 10288 2.12098578427478
1022 6553 0.78255877737709
1023 10894 0.858436532538708
1024 1473 1.12832656239412
1025 8994 0.794669969444871
1026 79884 -0.894584062414838
1027 23504 -0.595439568718005
1028 3631 -0.597029234160681
1029 8933 -0.406507480874316
1030 55796 -1.37798584023143
1031 51295 -0.569828666809281
1032 2742 1.23721575940026
1033 4520 -0.995662503674469
1034 11037 0.607411639659726
1035 8648 0.973560663042842
1036 5523 -0.62107600050635
1037 11260 0.62592351695145
1038 23269 1.07837184013395
1039 2281 -0.584038705172138
1040 10257 0.879127533627951
1041 118491 1.35274682047279
1042 1418 -0.591825079423
1043 64064 0.779288496066729
1044 64096 -0.51490945963205
1045 50632 -1.35660072758467
1046 54462 -0.534852894876424
1047 23190 1.06035238988127
1048 1975 0.41305419388674
1049 57337 1.37321450881653
1050 4190 -0.760286997515127
1051 5957 -1.14717095032159
1052 285231 0.52599107713508
1053 58504 -0.537634710129898
1054 1004 -0.517010366804
1055 441151 -0.629330696723737
1056 55412 -1.15641602403252
1057 2919 0.85035517950999
1058 1038 1.49884856664555
1059 25758 -0.546517621040545
1060 3750 -1.03970529912519
1061 23245 -0.861372602282009
1062 4297 -0.854246928941627
1063 23228 -1.05353325435031
1064 9028 -0.799177808095784
1065 3357 1.79340352103296
1066 4750 1.37926337034622
1067 4854 -0.620584469470038
1068 1264 1.60891598873872
1069 23400 -0.838628421403335
1070 9230 1.09094406475617
1071 10940 -0.810216060811745
1072 1345 -0.40544168542662
1073 5986 -0.693453732623423
1074 92973 0.706102835636022
1075 55022 -0.913832341118694
1076 7349 -0.815135359700362
1077 8514 -1.14246529426515
1078 595 -1.32947165996291
1079 8434 0.517481780997579
1080 2335 0.805712205220658
1081 6715 -0.994302773154258
1082 8562 -0.582601978084353
1083 3964 -1.69270163997831
1084 1459 -0.431857409604332
1085 3792 -1.24771073566684
1086 7096 0.577947511575885
1087 6779 1.06763255855596
1088 56985 -1.27246685065999
1089 8888 -0.699487736025295
1090 79701 -0.807195623820446
1091 10568 0.705193761354628
1092 25896 1.3582503615084
1093 4978 -0.881525992267245
1094 5265 1.33512252964679
1095 8623 -0.648485566839446
1096 80306 0.877839402649919
1097 64122 -0.998529974302709
1098 29935 -1.24501804691788
1099 5728 1.02154817201874
1100 10794 1.06696787304517
1101 5322 -1.67552431947032
1102 8123 1.62091532397898
1103 7094 0.825025541011687
1104 26135 0.539779143710897
1105 64750 0.726122248543276
1106 66036 -0.351648239967727
1107 8718 0.505892877013961
1108 55509 1.15802962398958
1109 284119 1.32000387576672
1110 10362 -0.568577225090265
1111 10211 1.11062565779701
1112 1294 -1.33009443568464
1113 3725 0.596794354171167
1114 6493 -1.13041271513565
1115 4130 -0.553691582465349
1116 8543 1.31626074405024
1117 242 -0.494888872045305
1118 11255 -0.722439251390914
1119 638 -1.09525406471316
1120 26095 -1.33607582117411
1121 8644 0.890957042785566
1122 6164 0.456673459773203
1123 51208 1.22838508910679
1124 80003 -0.501536345369098
1125 55660 -0.928753414701414
1126 29984 0.580306108733009
1127 26285 -0.969507097571767
1128 10313 -0.428333856586883
1129 9497 1.84622549421085
1130 56833 1.29313131937752
1131 79074 -0.457516260084739
1132 79135 -0.489644536264151
1133 1654 -1.40475674369192
1134 3164 -0.832138595099751
1135 23787 -0.379120936611399
1136 10139 0.708906995492979
1137 10959 0.445405704808596
1138 23683 0.612060711638433
1139 11188 -0.447521663784221
1140 60496 -0.420040213216449
1141 7070 -0.845495732880835
1142 5079 -1.06942080681646
1143 9633 0.860995514975664
1144 80324 1.24729161468488
1145 7317 -0.390416844799937
1146 1241 -0.803858994620366
1147 54187 -0.536933761945868
1148 54951 -0.476826793627612
1149 23283 0.914561943108878
1150 7071 1.14807606316291
1151 285527 0.531110001724277
1152 6619 -0.553924190762549
1153 7781 -0.565680289427854
1154 2774 -0.793179407782516
1155 23431 -1.21949274831298
1156 11057 -1.05056524387698
1157 52 -0.402046354196184
1158 3757 -1.36351497314679
1159 54860 0.496654279515538
1160 152 -0.876636825767688
1161 1327 -0.860662716823201
1162 8874 0.525021801515914
1163 8721 -0.526347660017153
1164 9818 -0.520241189143924
1165 10651 -0.597962229838274
1166 414 -0.773224875069184
1167 7378 -1.38422197869185
1168 2215 1.4136396872434
1169 23646 -0.756413925528038
1170 6432 0.520801329516193
1171 7701 -0.665609938316102
1172 10333 -0.620110298362986
1173 3609 -0.531788033907318
1174 10893 -0.632541939247545
1175 55198 0.43753939176936
1176 7337 -0.545260371826047
1177 9741 0.418164165349593
1178 4157 -0.530175445123387
1179 4703 -0.60079104151281
1180 84561 -0.808362373638021
1181 3099 0.788940793249527
1182 55079 1.46610356073528
1183 5983 -0.495423411006249
1184 83449 0.545989136552753
1185 745 1.33475266004638
1186 1964 0.508546794850714
1187 3420 -0.459961612947168
1188 84288 1.00138631416405
1189 57468 -0.962752868500653
1190 8565 -0.590077047448265
1191 255926 -0.482271356936466
1192 23524 1.43379686363475
1193 2533 -0.901812790446582
1194 4902 -0.816876106883214
1195 9912 -0.860095938274124
1196 205 0.883180019410942
1197 3755 1.30832503608646
1198 9619 0.495678837421617
1199 2628 0.581222825845105
1200 1845 0.659047412577686
1201 23349 -0.576429666408405
1202 5094 0.519597603349441
1203 634 1.14549468818243
1204 9901 -0.482203210076146
1205 3646 0.352712855398336
1206 5243 0.557482749889009
1207 5239 0.965446538485383
1208 51154 -0.990660048884301
1209 8900 -0.67280047576318
1210 23362 1.12828938378633
1211 7180 -0.790027655249881
1212 22798 0.913780682766694
1213 55711 -0.618175571182914
1214 3240 1.23950424398321
1215 5798 -1.24010873901111
1216 54474 -1.44908621218636
1217 64062 0.885472362577458
1218 6183 -1.14877594525943
1219 3098 -0.452125312146075
1220 5176 1.40108333425732
1221 54962 -1.15946557246834
1222 10739 -0.927497635078164
1223 92335 -0.413174697860455
1224 10825 -0.829604515654039
1225 5763 1.12925342490171
1226 64127 -1.27308273634711
1227 10142 -1.06502391035931
1228 9337 0.413941969800458
1229 9180 0.826559068525329
1230 4253 1.43168627470854
1231 55753 -1.15557947135119
1232 55907 -0.758389251902994
1233 10150 1.49826667597642
1234 22844 -1.2059432711111
1235 80071 0.870621052987597
1236 10620 -0.609981033465932
1237 6925 0.583002635213368
1238 2036 -0.560094596871656
1239 29118 -0.61339819048815
1240 4144 0.497288161947276
1241 55795 0.552323975480057