1 22822 1.97729792326016
2 7779 0.751480916073715
3 4879 4.69020785407359
4 57570 0.518651844822282
5 4953 1.21307429035082
6 3075 1.7673180222979
7 2119 0.762930238336633
8 1915 0.465222356283274
9 3418 -0.768708354621049
10 79144 0.865393355476694
11 5493 -0.613493589925302
12 3383 -0.526582806971968
13 3151 0.551510093903842
14 29902 0.652197201568711
15 865 0.520274669850879
16 23208 0.427051762165432
17 3015 -0.47258875443306
18 4878 2.2976213126403
19 200734 0.566735278107236
20 8824 -0.553392758911817
21 3005 -0.610893439956746
22 8623 0.433060612720395
23 26249 1.05153494306967
24 8857 -0.918064830035788
25 7867 -0.528359907804711
26 27065 -0.444441890939399
27 8082 1.00147973403345
28 55240 -0.553935006170569
29 3486 0.730275545278147
30 89797 0.87753077790642
31 65982 0.421497609350975
32 3643 0.610621739549275
33 6695 1.3999706466888
34 5918 -0.79304311127011
35 10930 -0.603203696196484
36 89927 0.43665530134783
37 9469 0.466817398281092
38 1195 0.578346180227858
39 23365 0.364551889522316
40 9231 0.534493124389138
41 4052 0.818427677703683
42 92346 -1.23324741587228
43 3912 0.742411608807386
44 6774 -0.85990020475414
45 51517 0.48873698476832
46 54665 0.430055969218621
47 51111 0.423335756257547
48 3189 0.729407311647687
49 1490 1.9309975759813
50 4628 0.929274478401034
51 7514 0.620136969027453
52 23271 0.426269349312978
53 3613 -0.728693436570152
54 11156 -0.725482412339652
55 3400 1.60926197434292
56 9748 0.716352474827033
57 58526 -0.953825184026854
58 56995 0.397397871915365
59 23281 -0.733594288331997
60 22872 0.523314549929472
61 9645 0.714252801518571
62 2131 0.795816598868834
63 1033 -0.580094646012086
64 2487 1.75983896584602
65 9812 0.45519185274463
66 4919 0.613191001090229
67 79572 0.728945127526455
68 7168 0.674787692619722
69 392 0.465428692512111
70 55689 0.398193801948002
71 10947 0.510334414685424
72 3006 -0.708017923465638
73 152006 0.549212700330244
74 11098 0.81395600918621
75 3017 -0.646867322485573
76 10724 0.494465678884144
77 57498 0.772464500904821
78 2959 0.348163827093371
79 27232 -0.465177714340248
80 90806 0.428562682211616
81 28971 -0.402933083626285
82 55818 0.561312117292839
83 8780 0.36238592507677
84 4092 0.53239178729997
85 8434 0.709513743608976
86 9846 0.44493087868511
87 5290 0.593498012834234
88 8237 0.58238616194345
89 6548 0.416310118813039
90 8910 0.703437648875417
91 3752 -0.541933353797696
92 23064 0.284478437110797
93 3482 -0.440362976319138
94 56997 -0.812662282407562
95 51705 -0.658365280320231
96 2115 0.489621461937261
97 51076 -0.360556400763613
98 1311 1.31841231191523
99 25949 0.347450292317808
100 8991 -0.91812024165648
101 4015 0.417015826323862
102 5311 0.675070661338413
103 26112 -0.874437844601974
104 3326 0.360711787343144
105 57610 0.254784560973196
106 23229 0.563005894645695
107 57205 0.75300742928977
108 83989 0.291852268931811
109 7447 0.620340371267059
110 30008 0.414537027706487
111 165 1.35510580755856
112 4958 1.03941977550817
113 10902 0.382975315630572
114 9653 0.494417222962147
115 254531 -0.67832594007903
116 4091 0.512180166992589
117 1295 0.3511031824192
118 26137 0.383681959569603
119 2802 0.366376417321383
120 9371 0.354177698471717
121 7013 0.315882180994418
122 1278 0.827315457943529
123 293 0.301396007732048
124 55081 0.369856646281628
125 5101 0.463512863253953
126 23059 0.2472306217345
127 6622 0.955953234758676
128 54517 0.337132843068366
129 58497 -0.491014038233434
130 79912 0.331769706361248
131 441024 0.452613090812803
132 50486 -1.12630285974172
133 10284 0.37604361588577
134 2878 -0.462572539885413
135 51642 -0.34491053955716
136 6421 0.492552319580131
137 10051 0.606021832292556
138 2268 -0.296434515800351
139 9180 -0.669426289020881
140 79646 0.441458102308257
141 8988 -0.645020177546618
142 6938 0.423732585845853
143 81796 -0.379172272971732
144 1277 1.50459250647126
145 2274 -0.426368304742429
146 262 -0.758008614191027
147 2948 -0.407745436404678
148 8850 -0.451075392591349
149 23464 -0.527985562806688
150 3429 -0.602281055370712
151 5270 1.14305838413771
152 25814 0.297049220162377
153 10654 -0.336147751972637
154 8464 0.257634760888957
155 90 0.26027401082394
156 79155 -0.31490329452178
157 988 0.293556038989159
158 7058 1.08156064111685
159 29015 -0.285620307398419
160 8073 -0.332345074004326
161 6461 0.361204237731357
162 8518 0.489598819577628
163 3949 -0.453084512612548
164 23269 0.284862791577486
165 7263 -0.569431735799169
166 6738 0.5066411845283
167 5836 -0.280065397797907
168 56999 -0.500662853945319
169 633 0.788465649173499
170 55000 0.315229472038965
171 54829 1.24417037390365
172 4340 -0.711595236104481
173 2070 -0.329539869841456
174 8318 -0.270498135144813
175 4071 -0.447489406019614
176 53838 0.318141269925919
177 4689 -0.51906332980387
178 1842 0.812870503805337
179 6279 -1.91636193213044
180 11212 0.289049616134053
181 55719 0.277243440710306
182 9737 0.543601370527243
183 655 -0.460147963921345
184 10553 -0.255635259977506
185 10162 -0.323757023165239
186 65125 -0.352976908503784
187 79887 0.460305077050048
188 2021 -0.721691896851313
189 2804 0.244437204726889
190 6280 -0.665716039561969
191 51377 -0.314173238687285
192 11259 0.534562976951044
193 5524 -0.248952374785176
194 6146 0.310485984426087
195 25901 0.424802204823205
196 25805 0.615504390855811
197 4660 -0.352808649742162
198 4208 0.48903793426221
199 5837 -0.755430973326908
200 85458 0.755798017116698
201 59272 1.59178087038854
202 3184 0.415291791561561
203 23303 0.398401673599863
204 3148 0.504563346794472
205 5502 -1.02852780922461
206 8444 -0.276517005270543
207 63920 0.502643581896103
208 23347 0.355648511542159
209 8677 -0.232844222856617
210 3251 0.30462005574344
211 5029 -0.315837301801431
212 26986 0.423380431648047
213 5654 0.614235362075313
214 54386 0.316838602148231
215 10362 -0.269181248997583
216 9628 -0.283502905986643
217 7414 0.626834483297326
218 23637 0.432286722656375
219 79868 0.349373766026422
220 6401 -0.462736085735332
221 9289 -0.41058959595898
222 292 0.601691301251188
223 10301 -0.298413940657033
224 11059 -0.580571540419898
225 23613 0.310876890842158
226 1942 0.387850077327188
227 6424 1.31288275066531
228 4053 1.30487016223779
229 84619 -0.235321480364381
230 5727 0.377587678587591
231 79654 -0.255203880428688
232 3693 0.473120762586088
233 23589 -0.333307007705169
234 5305 0.367561561476826
235 1289 0.476746813846702
236 4781 0.393180997848578
237 79086 0.547981938323456
238 2331 0.746409073592693
239 23632 -0.49555964819529
240 7110 0.305975744324818
241 3315 0.627826746210228
242 11165 -0.275142611559335
243 3337 0.430029020198338
244 12 -0.881649553365113
245 2006 1.22879609476601
246 8228 -0.364335949476631
247 5549 1.09831494250352
248 54830 0.336633307846213
249 9717 -0.508038808077323
250 378 0.358284747395846
251 2028 -0.317069445502496
252 55500 0.277416648416113
253 57333 0.302737490712294
254 64769 0.448359457268268
255 63894 0.187890637951758
256 55186 0.393609326901469
257 55752 0.522669042728648
258 596 0.686218023631148
259 27147 0.214255247128678
260 4297 0.272195895663091
261 79758 -0.238888391483032
262 6876 0.824173966272832
263 10000 0.301059613827167
264 6206 0.241940174126832
265 80146 -0.233498859436292
266 50507 0.564055989355362
267 9734 0.336407788474913
268 51704 -0.387620448108281
269 27072 0.342858126681525
270 55329 0.217524037721821
271 51143 0.325646249044336
272 5295 0.668945217378436
273 155066 -0.578387362942323
274 5552 -0.59846913531406
275 8019 0.455512713488492
276 51015 -0.475312189771044
277 400 0.269708586122588
278 6138 0.282129734302229
279 1318 -0.331003539728699
280 5876 0.338859028630788
281 26577 0.964568246534206
282 56935 -0.390522823743085
283 4836 0.314275769821359
284 64850 -1.13928323371771
285 5096 0.423985737830661
286 3908 0.587875671757118
287 80055 0.278905303865986
288 1848 0.945717558568486
289 51302 -0.221358573426055
290 6347 -1.43470478020136
291 79188 0.387707547246887
292 9698 0.254318513420758
293 79365 0.512329489540372
294 23242 0.50487391262535
295 1774 -0.330587368965274
296 79987 0.518998244843546
297 1312 0.285789933324125
298 2734 0.426242372935775
299 6356 -0.669913085354171
300 4735 0.404336437808654
301 7184 0.486378510209218
302 10402 0.473669997144876
303 28955 -0.361346558966105
304 590 -0.642422098055104
305 6813 -0.226442306642478
306 4642 0.727252480573872
307 51340 0.343421019345241
308 901 0.371238901487593
309 2557 0.447529520927253
310 283450 0.247668122003029
311 6194 0.239094537304906
312 23548 0.31075844698226
313 57154 0.248239476403462
314 7846 0.445755443060346
315 55970 0.347329184609942
316 83700 0.393851959567673
317 8694 -0.394205173477063
318 8897 0.33241632594015
319 80219 0.409628056831222
320 9774 0.423954855307931
321 9791 -0.790740528162667
322 10250 0.275187726874329
323 23429 0.515182543096843
324 7840 0.237454072258816
325 27351 -0.284699625857028
326 10894 -0.93534346312074
327 5510 0.290711557610042
328 3597 -0.449264200699286
329 2122 0.335961182232728
330 4047 -0.292573257026904
331 23338 -0.236628101604219
332 8292 0.7964314373817
333 4659 0.317046439789507
334 83604 0.344533206562832
335 8450 0.362788848595157
336 10079 0.347679350211186
337 57446 -0.231084757442453
338 8707 -1.04191235594941
339 23114 0.580460156472368
340 4493 0.350134026126629
341 353514 -0.241009707199884
342 594 -0.514632807913342
343 6515 -0.44724454153927
344 7465 0.250141641247676
345 10268 -0.594500714875148
346 51715 0.33443215743057
347 1307 0.699370473000166
348 51226 0.325745801355335
349 10253 0.298295915053693
350 1462 0.856388796778376
351 8566 -0.31430703614858
352 439921 0.338306085435985
353 10808 0.624663312925268
354 6720 -0.568900290791062
355 5514 0.296510337427549
356 8775 -0.194263429862591
357 23467 0.289984885012986
358 23659 0.323460646699594
359 10763 0.60064363223891
360 2532 -0.63173094185302
361 64784 0.25550041891996
362 26959 0.239675519021146
363 51002 -0.420444309181718
364 2971 -0.420643734322589
365 11178 -0.249410685356033
366 5742 -0.369713342731115
367 4131 0.563406701877934
368 8140 -0.662190578050863
369 54715 -0.533770816117228
370 1523 0.228216509175169
371 6036 -0.35926528625074
372 9910 0.572506138634571
373 23363 -0.458600927247282
374 100 -0.278801112454087
375 23753 0.278365749379319
376 6993 0.397517981358824
377 4783 -0.814516314268886
378 4856 0.755383975073969
379 23300 0.300446021152013
380 22902 0.453950443845061
381 3385 -0.551963127975839
382 51207 -0.345712021857803
383 10057 -0.29154953783909
384 2121 0.342237536043446
385 51110 -0.522817522689362
386 6899 -0.170401580883086
387 6283 -0.295004735167557
388 1687 0.373198118750097
389 79713 -0.411638971398271
390 2059 0.508710390289695
391 60468 0.384376050088517
392 11257 -0.26799419875407
393 55187 -0.21016723030411
394 1939 0.228288307030097
395 64795 0.319115034164916
396 4673 0.255298166760332
397 324 0.287447686459704
398 8932 -0.265811784176398
399 9446 0.32786580661938
400 22876 0.448997646344806
401 2030 -0.504099482409034
402 59307 -0.352128285180038
403 2335 0.71979550438482
404 5589 0.27629103154468
405 55006 -0.388738046834421
406 64131 0.312175734413513
407 9925 0.212166215990875
408 1805 0.783774427606838
409 800 0.371162578232218
410 26053 0.392874707122359
411 3376 0.275792464258453
412 79026 -0.51192186433577
413 28951 0.328622331308724
414 8559 -0.261503114514996
415 5106 -0.298579021063282
416 23635 0.430215365165519
417 23017 -0.902668312576722
418 28952 0.257399080570325
419 23013 0.298441697694358
420 5325 0.707230845017582
421 90410 0.47010905331615
422 3340 -0.168317624421316
423 54407 0.35134992420598
424 8604 -0.44170513114679
425 9886 0.610314267456032
426 4675 1.03470506030537
427 4669 -0.273250158393495
428 51706 0.634208764239062
429 6165 0.368804171287655
430 55335 -0.444296726754036
431 84164 0.380879121901366
432 5770 0.337784207195241
433 81562 0.317472328481008
434 25841 0.43725613231031
435 79633 0.429114422766879
436 7306 0.669822458449547
437 6122 0.315449668066021
438 1908 -0.182467425543002
439 54462 0.306518697894241
440 27434 -0.20750137763118
441 56656 -0.255266170115537
442 8317 -0.36459336553847
443 6688 -0.346436523819134
444 55786 0.272703687133381
445 94 -0.255064921069281
446 56478 0.346249983460883
447 8241 0.243824306380338
448 5223 0.327665074278404
449 10181 0.247377273161197
450 26268 0.318195227594057
451 1997 0.297895741002487
452 2314 -0.266186249318457
453 9421 -0.266207494206627
454 5519 -0.218765796624115
455 10163 0.314885974027826
456 5213 -0.32688552754588
457 57017 -0.306741834744843
458 1230 -0.822540044598758
459 667 0.29411906203172
460 308 0.41585667025506
461 7381 -0.31452698596943
462 5141 -0.226513991771708
463 368 -0.249861993729238
464 23576 0.950932386395998
465 2887 0.565564946914149
466 187 -0.475788493603506
467 85377 -0.242125236707516
468 4223 0.683661370481877
469 9790 0.203666966021503
470 51069 -0.196339309600862
471 665 0.462722911192413
472 11151 -0.329406632470925
473 10867 0.419275888317461
474 23348 0.405401106855631
475 6093 0.353620427166057
476 3705 -0.255785439016455
477 1739 0.512138601451413
478 220988 0.344107683841292
479 11015 0.345135329995655
480 4054 0.716396565128482
481 6628 -0.261098637800194
482 80778 0.259722646282451
483 6309 -0.185605145770779
484 64750 0.31584793103174
485 10554 0.225587112910542
486 10410 -0.406353275423923
487 9765 0.324531260189983
488 90993 -0.558552951675534
489 7082 0.325018736868204
490 55602 0.243942892865038
491 947 -0.377745546250747
492 9792 0.287127179970119
493 6533 0.687190267576368
494 59 0.626998553447011
495 57396 0.328431678803912
496 2239 -0.332690113719131
497 4437 0.27080214022602
498 439 -0.23553411385191
499 5927 0.322768049276854
500 4026 0.360739753035825
501 10272 0.525368437573642
502 4666 0.236972045829543
503 8519 -0.549948896256284
504 9537 -0.25150815152049
505 51447 0.381760346191758
506 23550 -0.205943960727622
507 7704 1.03516565558689
508 1832 -0.477271165587069
509 56906 0.226096375497852
510 8555 0.360543848980443
511 55217 0.269040402049777
512 7844 0.244607335744423
513 11080 0.53706635248437
514 1315 0.215287535404974
515 10575 0.2183586026139
516 51626 0.260705350692024
517 11138 0.460498475338214
518 57001 -0.239192078924136
519 5411 0.403388775678938
520 6795 -0.19065429595026
521 92170 -0.198276870186076
522 10916 0.265231474280242
523 79174 0.225197120387786
524 80020 -0.311736727698299
525 6357 -0.241666109732146
526 3717 1.20213926568231
527 6904 -0.184956078237267
528 79583 0.193450830484676
529 5317 -0.233902646853847
530 55854 0.327417437361452
531 2617 0.250018387855805
532 23595 0.255444524053003
533 23609 0.212238475353717
534 3434 -0.588009477110731
535 79963 -0.178746825997652
536 23048 0.349496068208969
537 55421 0.279378052296146
538 9777 0.326127219784514
539 11214 0.334138175817527
540 5350 -0.265925025882614
541 55323 -0.375477844665021
542 50854 0.380041727728408
543 94025 -0.222722723901263
544 10630 -0.376144648424041
545 23462 0.464469755642009
546 729515 0.3047027882803
547 2542 -0.199841948854592
548 24 -0.188999187900128
549 4609 -0.520571524994791
550 22820 0.437425952937218
551 9875 0.32731433718118
552 2026 0.482194915395402
553 51582 0.581209239514282
554 64848 -0.288655196785786
555 55198 0.214232226957092
556 6223 0.358203598437749
557 79029 0.342961280815196
558 23331 0.271721923684604
559 25836 0.262793046620707
560 6935 0.382706567187904
561 50810 0.386773364298218
562 5747 0.247781280923284
563 6996 0.378212206347145
564 5125 0.499626531523668
565 26136 -0.280872807575064
566 5910 0.326906702109753
567 2620 -0.51664380589361
568 56034 0.386110428243718
569 2743 0.643002841973427
570 10020 0.343085851299672
571 25834 -0.20461104051557
572 126208 -0.273620764747322
573 55361 0.278744273782184
574 11167 0.533865831751241
575 114883 0.253071670008739
576 64418 -0.251017518531253
577 64172 -0.215260162077666
578 79641 -0.299652293406044
579 11051 0.269106083640319
580 23484 0.312254440165178
581 79622 -0.40532380293401
582 2309 0.453312693459074
583 10521 0.393710301879034
584 79168 -0.286823139605866
585 23287 -0.30380462513957
586 55852 -0.271926235913989
587 5664 -0.192430246854785
588 8655 0.503277594105331
589 6919 0.33449017266843
590 23384 0.24824988622751
591 64771 -0.309961894831819
592 8821 0.470298743842087
593 9435 -0.303212629110307
594 6678 0.673299414316556
595 5328 -0.632280134202817
596 10427 0.291286285547486
597 4016 0.783656944698551
598 2101 -0.379180750413507
599 84898 0.687213588152082
600 51646 0.312602736752897
601 54884 -0.410663484150263
602 6237 0.43935629310732
603 7980 -0.340909075486802
604 56984 0.298971161308641
605 80258 -0.662650696640582
606 3791 -0.376614975943484
607 2674 -0.181031012308257
608 4615 -0.326383025152483
609 1728 -0.530488632688076
610 10252 0.458160683448504
611 483 -0.363249070873156
612 5226 -0.347155789707145
613 10699 -1.85628577546945
614 2828 -0.279034994288788
615 6327 0.273254951126563
616 25802 0.487008410416863
617 11284 -0.250574874174857
618 51809 0.572927769382363
619 2775 -0.305879718340375
620 9440 0.35450498063727
621 1978 -0.332279506549494
622 9021 -0.345409984724722
623 10576 0.350045437715488
624 91373 -0.296828216066586
625 8665 0.339074065306084
626 2539 -0.406396995277186
627 55346 0.230873615776747
628 488 -0.371730235540056
629 57496 0.32905652307576
630 9921 -0.309924525026666
631 7067 0.243167066621639
632 26010 0.502681386342211
633 64175 0.176314970509145
634 4923 -0.202403133525264
635 9759 0.224492686336039
636 29780 -0.212010301137783
637 8974 0.404193718567235
638 55326 0.2807128592401
639 79762 -0.624367221161501
640 388969 0.188160214405041
641 79064 -0.264530637255792
642 182 0.386188352285282
643 51366 0.234905371275595
644 51747 0.443383232861285
645 8574 0.525578498505887
646 54681 0.242386235561256
647 3275 0.382868020981375
648 9358 1.11676182389829
649 109 -0.225854289435008
650 29104 0.160594309838224
651 2191 0.479247824993513
652 10398 0.397468759345841
653 1363 0.430099086832093
654 3779 0.268646106892861
655 8310 -0.286613299343935
656 55833 -0.224217012933991
657 26517 -0.226490803814485
658 5154 0.417170679985604
659 160851 -0.180062650202788
660 201562 0.383584956670918
661 23016 -0.348584375836966
662 4603 0.604217086185341
663 9320 0.240407475853296
664 23164 0.329742536882476
665 10418 0.800344572036314
666 5341 -0.481292725710553
667 23468 -0.289935696512341
668 2009 -0.286027847791381
669 55856 -0.372755295682143
670 65123 0.357704853639982
671 4850 0.200885449487516
672 5104 -0.383132439808748
673 29116 0.477961426818915
674 10076 -0.195678920399869
675 1281 0.959814427760769
676 26873 -0.489555441886987
677 4204 0.16898563054081
678 8914 -0.217477206945263
679 26043 0.215101778498974
680 6642 0.374583441273028
681 2875 -0.258802505032071
682 55293 -0.229588975340649
683 23387 0.316506708023477
684 4925 0.528340620393042
685 10123 -0.307487513447827
686 22839 0.403859124085226
687 27101 -0.212932286143937
688 1069 0.404426630939954
689 2254 0.376478768816189
690 55379 0.186067646561062
691 1831 0.718385839199087
692 29994 0.318895730807583
693 80347 -0.218894977025982
694 8817 -0.147574841792053
695 9110 0.331121490729064
696 51449 -0.525629586807717
697 283537 0.34524303324943
698 7386 -0.21851153860735
699 27258 0.29047972316633
700 399664 0.350690016459653
701 55756 -0.214548240613588
702 5999 0.923367396308769
703 3164 -0.275207720015015
704 10454 -0.183994530143584
705 29988 -0.2727649378724
706 6128 0.201124836753134
707 1573 0.559474024328523
708 528 0.307855703047453
709 22899 -0.234057126366489
710 1017 -0.251986763651477
711 2042 0.72980383361703
712 4638 0.423538996170639
713 8547 -1.26002986295965
714 1024 0.405328070092475
715 2185 -0.167897116984172
716 5359 -0.633072695006854
717 1290 0.838078786233766
718 50807 0.385479018082821
719 9686 0.325846626796801
720 64783 0.335079815555893
721 4134 0.436554888475483
722 3931 0.379613163448744
723 5054 0.547844398925987
724 5168 0.399550546158417
725 9829 0.509595325845734
726 317648 -0.193603943276893
727 23097 0.404823798838988
728 10285 0.373296237752221
729 55316 -0.281260101080816
730 11168 0.302737915089965
731 6161 0.276558487771483
732 10846 0.424078675034774
733 54898 -0.242690294017308
734 6801 0.330791915800834
735 26002 0.402815118840753
736 10095 -0.227432035042529
737 8125 0.260591041283559
738 5730 -0.344399626317102
739 1404 0.555045773472491
740 10130 0.296123351055369
741 4647 -0.247028215774059
742 22869 0.168800185193369
743 22800 1.15533995338476
744 57599 0.29296829849237
745 11104 0.226660587873172
746 4969 1.24229671700161
747 4853 0.475541265809447
748 2246 0.555984894082934
749 51805 -0.209118000091305
750 79731 -0.2636206968971
751 7220 0.272536648915747
752 60485 0.199663672152077
753 1027 0.368538180772861
754 51279 -0.3350466099369
755 6525 -0.352261709296185
756 10133 -0.323860463320175
757 4967 -0.283304259168329
758 8031 -0.266072657671618
759 8853 0.345075093111793
760 29072 0.19305913109452
761 1112 -0.363079442835147
762 55061 -0.399645515700698
763 7132 -0.284357370589497
764 5873 -0.228223855822099
765 11309 -0.263606976219367
766 29923 -0.320275144428191
767 1267 -0.247146134447492
768 65985 -0.38529093941316
769 8502 -0.280985022423547
770 9733 0.219696277715938
771 54865 -0.191305116997531
772 5394 0.183499552168637
773 2162 -1.01729233135702
774 83478 0.391195389927871
775 6992 -0.180075123238362
776 2590 0.326824970231998
777 1511 -0.203509074086274
778 10244 0.234590144957744
779 81848 0.395072057526233
780 6156 0.207261097368107
781 51291 -0.27909707165565
782 56948 -0.261643863608688
783 5269 -0.270557705219593
784 2201 -0.22477359622127
785 54914 0.218560644758658
786 5717 0.404390476133688
787 339524 0.507340396821174
788 7375 0.260329115789848
789 7314 0.178049087975621
790 10973 0.356024041988913
791 6522 -0.267592678834961
792 100129250 0.179233983516674
793 10235 -0.318663746215702
794 79969 -0.192209621266855
795 727800 -0.254264102952162
796 56994 -0.356275602630673
797 23648 -0.247664946679551
798 10058 -0.406345641957717
799 6251 -0.237567922376002
800 10059 0.277736172232055
801 79441 0.17298261049185
802 241 -0.514542240975183
803 6655 0.302401522194502
804 23649 -0.193485662697852
805 4668 -0.281136478195295
806 9330 0.257998727983503
807 23118 -0.254406874895688
808 11031 0.539705871650185
809 1203 0.303808260570747
810 10970 0.304890015161831
811 100131825 -0.159408968165998
812 283820 -0.191965527660151
813 81493 -0.62967661805065
814 7297 -0.206436959644966
815 1390 -0.422183147983747
816 5238 0.235860634940074
817 79722 -0.144321931589467
818 2852 -0.180035752163494
819 929 -1.01545898815305
820 50999 0.471729478408921
821 2202 0.868264314567048
822 2 -0.32152563025409
823 23670 -0.342414991109065
824 595 0.343920296831274
825 100289473 -0.205290747502209
826 2744 0.375296620043661
827 23435 0.460127698118042
828 1950 -0.229950332682313
829 54539 -0.249958179162414
830 10848 -0.450416286258875
831 56061 0.31766540574392
832 7850 -0.232596096119053
833 4487 -0.232750653169623
834 4045 -0.268448779058303
835 10826 0.341651138775958
836 10982 0.383759618987803
837 9519 0.360339310373821
838 9857 0.388492333601807
839 5292 -0.391604778168921
840 10099 0.315067773023703
841 79665 0.294446162244433
842 55757 0.167573426788837
843 4249 0.228011681318581
844 3426 -0.526495398667617
845 10533 -0.223967311493209
846 6596 0.433271379918073
847 8722 0.208057095591796
848 64708 0.235471129999503
849 6943 0.586284448004339
850 10693 -0.184865002965069
851 5576 -0.178976705618194
852 5224 -0.47104637621397
853 7029 0.211687390568196
854 8425 0.562735480634519
855 3485 0.833538134586457
856 3480 0.293046523077562
857 79789 0.312022626079576
858 80781 0.377966292298244
859 23213 0.79282608229395
860 8613 -0.272221686338442
861 5714 0.379624336724577
862 130916 -0.212441419563344
863 5900 -0.238658574306957
864 51393 -0.169732394284171
865 6844 0.192143652068797
866 10288 -0.254548574283151
867 9184 0.290781322406979
868 23334 -0.262483618908518
869 63876 -0.261612783844132
870 23154 0.388712794517598
871 6631 -0.176543304719042
872 4624 -1.1875871185146
873 11243 -0.276968326343052
874 5236 -0.294311546913704
875 230 -0.31075372110918
876 9768 -0.319227044074762
877 8896 0.413197865957018
878 1022 0.2404510231225
879 57538 0.407499634276114
880 196441 0.209022202230623
881 2615 -0.252161564528855
882 11014 0.440423608281691
883 57007 -0.510200991135594
884 27032 0.238116626610614
885 26952 -0.169469226613858
886 677 -0.452047930969098
887 1482 -0.652643479092431
888 79726 0.312573828890121
889 55040 -0.282560594404679
890 23200 0.331084129009322
891 1241 -0.245533720636573
892 5930 0.21916931903232
893 4215 0.374533594650492
894 23122 0.223858499329259
895 25937 0.494979966779079
896 5170 0.189386118185659
897 5151 0.280703718629863
898 9214 -0.265914883617301
899 23291 0.371025393663315
900 5573 0.507320146341
901 8899 0.348098424754079
902 23608 0.204772605855519
903 1837 -0.294469759244979
904 91746 0.266792324354343
905 9317 -0.345894042863427
906 10180 -0.224656894301932
907 80199 -0.223440528611874
908 23253 0.200838613623907
909 23232 0.297089727749088
910 50509 -0.242543812462646
911 8848 -0.499495189604923
912 4199 -0.395345020543837
913 2017 -0.28174073724743
914 6752 -0.199401050181494
915 55164 0.256269885199755
916 23409 -0.263781375584505
917 5042 0.269984443496019
918 1314 0.37903000110858
919 3178 0.172427156806712
920 7159 0.251977260427322
921 55272 -0.19043489561553
922 1047 -0.583090447035053
923 10856 0.232241589247893
924 56967 0.54559232185197
925 770 -0.187370862943742
926 9125 -0.187103796496062
927 50717 -0.223931037089752
928 30835 -0.540856069082374
929 9631 0.257509931075187
930 5214 0.409149518072516
931 5704 0.256536382709969
932 57180 0.194219231434643
933 347 -0.660927497088748
934 51619 -0.186464947210156
935 8880 0.290826207253179
936 54457 -0.156056387174518
937 2210 -0.516660001985924
938 78991 0.174775711439105
939 366 -0.231137764996506
940 10631 1.22827269525086
941 10923 0.360362461649663
942 25957 0.250784875467849
943 1809 0.637238356875828
944 3111 -0.233344182314417
945 3231 -0.171078738691278
946 220 -0.282406039757105
947 10929 0.198245550597298
948 8473 0.393532657821227
949 9282 0.238003376344782
950 91647 -0.218016367489319
951 9332 -0.221766321079712
952 1123 0.30810610958625
953 23376 0.156086563312003
954 5496 -0.15825267125229
955 55035 0.23885859698738
956 3868 -0.174145832252567
957 60495 -0.244197612986464
958 23389 0.197959041918143
959 56252 0.29445263414998
960 3757 -0.42949025048552
961 9367 -0.302074239468494
962 2197 0.27116373869737
963 5464 -0.241998264007387
964 8315 0.183047584862349
965 26100 0.169137149168629
966 2693 -0.25007014527788
967 6556 -0.179940797967209
968 7037 -0.608414134883757
969 5289 0.178881406105862
970 6748 0.327583684706818
971 2052 -0.466861774348891
972 3082 -0.147514900135475
973 55227 0.294314179609333
974 26548 -0.318778441112395
975 3758 -0.1953481168345
976 10324 -0.841766782797805
977 10980 -0.18863401285442
978 90864 -0.173427329187597
979 157562 0.147646831053577
980 6866 -0.191004217892443
981 8927 -0.216335043959448
982 7881 0.21214928714978
983 427 0.319253465508782
984 6373 -0.233777236236636
985 53407 0.156774976620953
986 4247 0.252554887759533
987 51304 -0.199772752412457
988 527 -0.170143113490907
989 5529 0.255438173499529
990 5638 -0.264489958337417
991 11145 -0.225453135542992
992 57608 0.356865863825696
993 10270 -0.174143024882739
994 55148 0.21300585339335
995 5479 0.375730331418378
996 2036 0.278003228004137
997 57124 -0.324377102815731
998 2149 0.50407889728351
999 64425 0.326333370670246
1000 55037 0.285541762654139
1001 55294 -0.366686537406636
1002 989 0.192491852074459
1003 10636 -0.215286576314857
1004 64111 -0.184011367543828
1005 4358 0.261385169810163
1006 81855 0.405704958042279
1007 9663 0.202668337506932
1008 55975 -0.539605293041553
1009 22930 0.237422711146392
1010 10069 -0.252761191244785
1011 221 -0.207561047440285
1012 23433 -0.486889361638601
1013 54845 -0.182619284630317
1014 51742 0.358270255302447
1015 8875 -0.309786555532905
1016 10987 -0.228235642141218
1017 316 -0.261171753009834
1018 23178 -0.15041809712323
1019 10234 0.822528026579252
1020 63875 -0.205864445539195
1021 238 -0.19269577167682
1022 9919 0.252208820292223
1023 3654 -0.252228627579447
1024 64081 0.19760655402848
1025 3033 -0.3150622531707
1026 6840 0.280821272696283
1027 10241 -0.232429576690651
1028 2819 -0.23195543474951
1029 84288 0.267169368165873
1030 6709 0.194440664209891
1031 652 0.330699853213039
1032 4736 0.27008882561038
1033 1284 0.336188032730394
1034 2580 0.177236432697468
1035 2638 -0.229628895918226
1036 11057 0.642713016041855
1037 10135 -0.491558202936721
1038 140885 0.318945867656137
1039 27077 0.17056910671805
1040 54346 -0.176812277424229
1041 553115 0.256745863707803
1042 6500 0.225796800187483
1043 55119 0.216307909676256
1044 65980 0.162865812908651
1045 53335 -0.271066481154108
1046 47 -0.195647514699006
1047 80310 0.455096581693077
1048 9830 -0.164905609087551
1049 54587 0.291687951595996
1050 10920 0.236376080775219
1051 8545 -0.163338256724562
1052 3604 -0.256099404812201
1053 80775 -0.251571881851389
1054 9462 0.200963580606661
1055 7086 -0.343694859986934
1056 9843 0.732350818782431
1057 2316 0.34190168438824
1058 11266 0.163688382006761
1059 6990 0.282076360633633
1060 4175 -0.296904580887331
1061 9318 0.318224711731414
1062 81553 -0.238759512927109
1063 6917 0.242248852840124
1064 100996756 -0.208960561789744
1065 4946 -0.180957497148762
1066 4629 0.537922033393682
1067 3623 -0.372246538397803
1068 3417 -0.51614808639904
1069 1209 -0.17044534819409
1070 64123 -0.306680005894242
1071 11179 0.261767532042564
1072 5260 -0.229989575373285
1073 613 -0.265307853773521
1074 10611 -0.295786217235863
1075 140890 0.209410106279819
1076 29099 -0.197104363567686
1077 7204 0.254157611450447
1078 3055 -0.44791806191941
1079 8908 -0.215077207797576
1080 8790 -0.199802567747619
1081 55769 0.339471726610984
1082 2520 -0.204538982701893
1083 8760 -0.233098711443089
1084 634 -0.316526603654672
1085 2176 -0.194929076834154
1086 27090 0.412419600639074
1087 161291 0.306498488523549
1088 2805 -0.2478627908016
1089 6947 -0.205613923815529
1090 2560 0.476168296186756
1091 54765 0.243461856851109
1092 2717 -0.217095471513478
1093 54788 0.182575610463177
1094 4149 0.192783782673185
1095 5971 -0.167897665731574
1096 79156 -0.145135040604256
1097 2150 0.477660584717507
1098 5094 0.228914428975132
1099 28232 -0.321612503023792
1100 23630 -0.168709626645944
1101 64816 -0.158894886867414
1102 3728 -0.335371976305741
1103 27338 0.460015508551816
1104 2494 -0.144294192886907
1105 51650 -0.194675136474883
1106 1855 -0.356073256622178
1107 3709 0.211276243452057
1108 3077 -0.188654733836051
1109 977 0.331475905026672
1110 1339 -0.215160679515288
1111 22848 0.225212125498572
1112 6503 -0.314077497946099
1113 221692 -0.300593994651163
1114 23592 0.171017073925791
1115 57798 0.237462102430687
1116 8600 -0.205873911538643
1117 10849 -0.194730729738791
1118 4835 -0.48642094759572
1119 10443 0.178237050407617
1120 6902 0.367906854416043
1121 5351 0.156247264459235
1122 3936 -0.384573039519472
1123 78989 0.390038234574584
1124 6152 0.213673057135365
1125 3371 0.998653293478346
1126 3428 -0.502488278900099
1127 2689 -0.163094703371886
1128 1282 0.344092911982017
1129 23228 -0.287281949809118
1130 409 -0.263487046124181
1131 54680 0.279797772890079
1132 22824 0.412798219323546
1133 10992 0.171959822050161
1134 54585 0.439891613986833
1135 2911 0.419874170112525
1136 6651 0.242042660841252
1137 51765 -0.259702185066153
1138 10990 -0.248134099437703
1139 6663 -0.212650551606833
1140 163 0.265489561048252
1141 55214 0.705945738838683
1142 54858 -0.242791386227591
1143 10273 -0.149018054691361
1144 1193 -0.342424904407824
1145 1456 0.172674181347025
1146 66008 0.356382231049594
1147 26000 -0.162231668465932
1148 7112 0.2313126866687
1149 3274 -0.263461541330842
1150 23466 0.203659978535784
1151 4665 0.176634638868002
1152 9129 0.271813842698155
1153 273 0.582882008880532
1154 1188 -0.142436727950188
1155 51112 -0.320764090899839
1156 7965 -0.176050618572741
1157 4604 -0.244334710502309
1158 54955 0.225890437599052
1159 6399 0.248597541360319
1160 9429 0.620512688218108
1161 4722 -0.189721103894165
1162 23506 0.257728573395757
1163 2319 -0.209750200576424
1164 9997 -0.211716174369289
1165 10231 -0.29104746747255
1166 10269 -0.339870373373044
1167 8718 0.384420566073516
1168 1540 0.434256874040106
1169 26135 0.265641638519806
1170 7329 0.257533128140865
1171 7133 -0.209244640409646
1172 27286 0.376274971061703
1173 56829 -0.20871804282615
1174 4061 -0.367831778707872
1175 6611 0.396626728860902
1176 1287 0.266001504836729
1177 5501 -0.358094687185559
1178 361 -0.206344860341009
1179 1666 -0.226291655218231
1180 6599 0.233649945203979
1181 9169 0.347467174140318
1182 54619 0.218344560408705
1183 7247 0.252121884960591
1184 11027 -0.268824960072838
1185 54476 0.266356509344371
1186 966 -0.241128125311931
1187 2215 -0.283131136443536
1188 5099 -0.155998264108323
1189 80745 0.202763592310044
1190 10745 0.23028823051442
1191 11024 -0.186513158008652
1192 64778 0.582888685325178
1193 79649 0.210441520457993
1194 29915 0.177723423217325
1195 55466 -0.180887039613271
1196 100169750 -0.136006971336773
1197 310 0.201584921766347
1198 266655 0.177225040854427
1199 9202 0.177192748412787
1200 317 -0.184570959060868
1201 3627 -0.489916640763258
1202 9656 0.176668670698921
1203 9641 -0.167642414823021
1204 23171 -0.383547477945081
1205 55607 0.178058506188425
1206 3837 0.248884023074604
1207 22980 -0.198578260833085
1208 10782 0.187034340136764
1209 4994 -0.125247345821996
1210 4707 -0.198696210534305
1211 6760 0.249589854462866
1212 687 0.563105389174475
1213 783 -0.690759138464873
1214 7454 -0.198259581811376
1215 85375 -0.18226816757845
1216 51218 -0.241274269647286
1217 2073 0.163689864456114
1218 7453 -0.491364571063517
1219 9104 -0.15720443813114
1220 55858 -0.241809013399322
1221 25797 0.282890244919347
1222 64895 0.232115467729862
1223 3487 -0.50861119547241
1224 2332 0.230466879525842
1225 5567 0.291433113472824
1226 11341 0.709310813901205
1227 26057 0.213640642471768
1228 80205 0.218838620467368
1229 10855 -0.375615831986623
1230 24146 -0.19952780169573
1231 29095 -0.195586870259969
1232 54453 0.385912573784076
1233 57134 -0.369471579774789
1234 80736 -0.180285476694375
1235 55422 -0.390356580535943
1236 9578 0.209080880909761
1237 3107 -0.25806812831156
1238 1896 -0.23814893639163
1239 1117 -0.316040938293558
1240 9217 -0.221381426661253
1241 91543 -0.608049021174176
1242 6473 -0.19154935670054
1243 10477 -0.193508930732191
1244 23135 -0.199764949147921
1245 9444 0.211752382950248
1246 23499 0.287675079504583
1247 1130 0.313745088828867
1248 83451 0.261935472642818
1249 1979 -0.210033604040262
1250 51365 -0.506146660187603
1251 7009 -0.288222014166038
1252 8741 -0.291298784404041
1253 23099 -0.26234477798533
1254 65084 0.420770045781689
1255 9837 -0.159775908484837
1256 57162 0.343299375578732
1257 2145 0.168534924202692
1258 55321 -0.217617429062357
1259 23223 -0.187196673551145
1260 26040 0.43304635723113
1261 54793 -0.419695148156537
1262 7450 0.437497021809513
1263 1627 0.219279003019027
1264 3301 0.340599371234708
1265 10021 -0.188578489845753
1266 10428 0.308118420499332
1267 6775 0.483922892689586
1268 55278 -0.359006029095879
1269 51552 0.217705877981132
1270 29896 0.230583099236005
1271 25792 0.15433128808659
1272 6159 0.221340048557082
1273 9240 0.421342831815688
1274 3097 0.276900836859808
1275 3431 -0.224337767228764
1276 53630 -0.152952799331333
1277 9827 0.197246599638008
1278 57706 -0.191403478982219
1279 9135 0.319007388048416
1280 10971 0.348916263661987
1281 1571 -0.224953107782187
1282 3646 0.26628173647978
1283 5635 -0.197895427271316
1284 3881 -0.140959676935983
1285 3354 -0.212417621241554
1286 6328 0.350253142590287
1287 8322 0.208349112419354
1288 4139 0.17889124426739
1289 406 -0.309061718378414
1290 8564 -0.280107532628028
1291 9969 0.249734671922166
1292 2357 -0.338244682371356
1293 7275 -0.194323396824231
1294 23080 0.243896451248278
1295 56924 -0.259820628501213
1296 79080 -0.18135867102233
1297 604 -0.388710950926734
1298 10592 -0.441495442983848
1299 23177 0.335211747961653
1300 5162 -0.2426735592362
1301 148 -0.192117345751404
1302 1296 0.312524997500543
1303 5977 0.157231495444705
1304 51144 0.223221624737755
1305 55102 0.157034324597825
1306 23041 0.172364521170309
1307 5250 -0.161871822470616
1308 4256 0.44053040282339
1309 80233 -0.190978093580005
1310 54939 -0.198396208879745
1311 6241 -0.265124022481523
1312 8661 0.234009989389239
1313 400961 -0.325832334949189
1314 7014 0.221171539676551
1315 3037 -0.311127860678199
1316 2153 -0.718503964499874
1317 7520 0.204867999785192
1318 58 0.626739798310636
1319 26039 -0.148774485250097
1320 23543 0.193150704569463
1321 6878 -0.186804884109637
1322 23230 0.277878204948752
1323 4170 0.201457241307923
1324 63935 -0.184980851669744
1325 9869 -0.146187042141491
1326 990 -0.141003590772444
1327 23176 0.313443167831563
1328 55312 -0.230526979305206
1329 5571 -0.170299745375651
1330 11326 -0.696286015960304
1331 8891 -0.122954197611939
1332 23091 -0.135648524810688
1333 645 -0.241656836513958
1334 57088 0.430098854126117
1335 11037 0.31553575041024
1336 860 -0.197126444401143
1337 5261 -0.181906344741788
1338 9668 0.3059079522929
1339 1464 0.22333371649109
1340 6296 0.297529235523127
1341 80344 -0.1790949863513
1342 5810 -0.225044137952807
1343 558 0.382488719660424
1344 117246 0.210082334942541
1345 5161 -0.165501345013345
1346 7026 0.425175198409004
1347 3091 -0.352682937268304
1348 10875 0.765977407360819
1349 1528 -0.329864824069274
1350 9276 0.186610103263536
1351 26092 0.163242895034053
1352 5732 -0.163443797256066
1353 10472 -0.351217196314472
1354 10445 -0.25805064803742
1355 1052 -0.275186842983738
1356 2308 0.201543358343153
1357 8788 -0.980315231438989
1358 5506 -0.280932954818752
1359 440 0.394672349573015
1360 25847 -0.147239020539057
1361 328 -0.170925591399843
1362 5553 -0.124449978662154
1363 8739 -0.228783567841268
1364 3671 0.569555636046479
1365 349196 0.187409007009639
1366 4848 0.162971177203838
1367 55758 0.283943089640109
1368 22890 0.28484825027847
1369 307 0.434596071861234
1370 440348 -0.193569253401179
1371 64411 0.202449800515929
1372 10765 0.22851047431621
1373 4826 -0.216230631180123
1374 1938 0.260656684237386
1375 5228 -0.187651727247673
1376 894 0.284572912916897
1377 83638 0.174627037699494
1378 1452 0.351168239092392
1379 5792 -0.226490324074479
1380 10750 -0.157098560851213
1381 27010 -0.223498521150269
1382 10730 -0.244295005903634
1383 10644 0.131174231357042
1384 11346 0.22796647425462
1385 51330 0.59367999186937
1386 57730 0.373805111178083
1387 1288 -0.230264179642578
1388 2252 -0.392288672002633
1389 51196 0.879811248089307
1390 23102 -0.24993390930702
1391 4258 0.186704483207491
1392 9516 -0.331950196672951
1393 2005 -0.153767886708427
1394 6405 -0.167559055358329
1395 51773 0.172818381117395
1396 79087 -0.161951446644979
1397 951 -0.253935600441854
1398 79568 -0.266109080979724
1399 79677 0.175091109845153
1400 4600 -0.408860589602698
1401 8554 0.169805974205559
1402 57151 -0.171372631264447
1403 6450 0.545617826877439
1404 9146 0.163896150159653
1405 8195 -0.183939312604521
1406 23480 0.277400194075952
1407 2908 0.124315745140263
1408 7049 -0.716956863056094
1409 9465 -0.204451893534461
1410 4067 -0.363949305282652
1411 6662 0.411466604491242
1412 9636 -0.648863340472108
1413 2774 -0.162985523929802
1414 10447 0.284423853512658
1415 92579 -0.166324038510375
1416 3329 0.259975611997939
1417 64130 0.361868118665043
1418 10061 -0.219625252582129
1419 6222 0.138294978766174
1420 3707 -0.337634395589724
1421 7095 0.218206043677977
1422 55753 0.459959918436224
1423 7103 0.414793930508564
1424 6440 -0.188967198410158
1425 84909 -0.237239181938472
1426 55167 0.160067507069722
1427 1946 0.199574642776906
1428 5588 -0.241424114160257
1429 5208 -0.545148411987299
1430 4671 -0.300652563823635
1431 3071 -0.257739553411845
1432 5923 -0.20068978418317
1433 1211 -0.160812107734129
1434 9746 -0.173688103601221
1435 8672 0.151796202144839
1436 4239 0.550576700483395
1437 2257 -0.617926129595344
1438 89853 -0.15083950998977
1439 79684 0.231981578617005
1440 65997 0.57577545810544
1441 23598 0.216927986664669
1442 57863 -0.232016158026866
1443 8165 -0.275722504609687
1444 4635 0.956592401054644
1445 5050 -0.22838315117177
1446 10516 0.476316354506924
1447 6320 0.269838040834608
1448 10211 -0.191486575321607
1449 80207 -0.154464542425283
1450 51078 -0.198102104972744
1451 23169 0.286569725339834
1452 221037 0.24890262781857
1453 79979 -0.212722376656428
1454 5584 0.231469406105012
1455 9915 0.173169701408892
1456 29114 -0.18553690663028
1457 5733 -0.225457393932423
1458 84934 -0.164507593943085
1459 58533 0.208680486046832
1460 22846 0.263170581655539
1461 6383 0.414812256841119
1462 5360 -0.733969754035837
1463 1508 -0.422113068971429
1464 5379 0.187677285224725
1465 10541 0.365854557206164
1466 9806 -0.181953814987533
1467 51320 0.303285460445622
1468 8869 -0.201662467358578
1469 7163 -0.216978089205504
1470 9776 0.224413361800725
1471 6355 -0.715376748004979
1472 26005 0.196485686401966
1473 23394 0.269301528120522
1474 80772 -0.330404969090369
1475 23199 0.18867556324626
1476 79738 0.213222292919053
1477 5527 -0.218658159460372
1478 10249 -0.234329242584472
1479 7010 -0.313192437474475
1480 10647 -0.294851596119649
1481 51421 0.450427232966808
1482 81578 0.400560801935629
1483 3236 -0.156314187440564
1484 10376 0.14690910777543
1485 6565 -0.169259443018102
1486 81490 -0.184003470596607
1487 84079 0.350410051958796
1488 360 -0.233159832446564
1489 3145 -0.187638689525565
1490 306 -0.498239186376351
1491 55616 -0.17170902633859
1492 10243 0.28175464272794
1493 4928 -0.443054803547901
1494 9208 0.182728146009007
1495 2230 -0.272792706858276
1496 23265 0.132903866655615
1497 23012 0.396760238532678
1498 2926 -0.180767115501516
1499 6193 0.178749876576113
1500 6210 0.167609148642416
1501 778 -0.194934513493608
1502 55080 0.426221602241845
1503 5329 -0.229823981106959
1504 3488 0.208325712208123
1505 23369 0.160266769190821
1506 8905 -0.230433955202644
1507 744 -0.436276616640471
1508 51121 0.220402278761865
1509 5734 -0.180148045278036
1510 875 -0.265519805892971
1511 79600 0.216171868333895
1512 23294 0.209556952613987
1513 8667 0.194838073305116
1514 8445 0.233849560504586
1515 8544 -0.36319052136739
1516 55130 -0.138049127556659
1517 57099 -0.363381664189259
1518 10524 -0.160552385554894
1519 22823 0.176492956607717
1520 54499 0.175000272715154
1521 9378 -0.145882715885779
1522 51075 -0.18381372741533
1523 3163 -0.361925749765421
1524 1158 -0.237346900206438
1525 3795 -0.220639610993143
1526 8829 -0.183007474332564
1527 2207 -0.715405693856727
1528 55634 0.251659129247075
1529 2701 -0.18118060420632
1530 55131 -0.174163615381228
1531 6545 -0.260770213029098
1532 2099 -0.196293658676684
1533 5740 -0.19756726882185
1534 9364 0.187417517011442
1535 11224 0.208804018763978
1536 7696 0.179492275435659
1537 8499 -0.201517557943444
1538 23629 -0.181213269446681
1539 116138 -0.206969967483902
1540 6160 0.146567479848093
1541 694 0.267515179502462
1542 7407 -0.139388660204093
1543 23063 0.251050630628876
1544 84790 0.158178896616025
1545 10205 -0.215308981337574
1546 100289518 -0.170169781525138
1547 10946 0.201069954416222
1548 6258 0.434156124231065
1549 5818 -0.176831530567867
1550 23476 0.28143184588904
1551 80853 0.242807706741255
1552 752 -0.16208772840377
1553 641 -0.377487984023324
1554 6147 0.169241073691916
1555 23381 0.244933569832767
1556 26099 -0.20368312484683
1557 171546 -0.198133240402711
1558 6614 -0.439974348771056
1559 10293 -0.142298698411075
1560 23062 -0.154903062207758
1561 115 -0.216995087352084
1562 23345 0.242727448556213
1563 28996 0.378369147852172
1564 1116 -0.348074991261648
1565 396 -0.152685812026299
1566 10892 -0.293645753616344
1567 55023 0.303404901449833
1568 51616 0.352972191358318
1569 2058 0.137477557238443
1570 7884 0.34048248403952
1571 518 -0.158863306135279
1572 2132 0.212635001006927
1573 10818 -0.183587554356675
1574 51466 0.381627771404778
1575 112950 0.17008568418103
1576 79733 -0.17018358396836
1577 23332 0.269534507476315
1578 23475 -0.22462775346655
1579 4338 -0.284270229116457
1580 7508 0.197404518904762
1581 23350 0.22067907231772
1582 60314 0.158350649586715
1583 25873 0.321505691855975
1584 57105 -0.24923829458754
1585 11030 0.312182510924332
1586 55643 -0.180732107374958
1587 1836 0.201745258714298
1588 5699 0.230501455176807
1589 6386 -0.325437038029422
1590 283212 -0.156497228921213
1591 54494 -0.205238796791235
1592 10314 0.217405487238514
1593 3241 -0.164072830034337
1594 5091 -0.178864490321366
1595 6731 0.227554406222016
1596 5830 -0.192000376566618
1597 53918 0.329141149092321
1598 55859 0.872956841969062
1599 9980 -0.198439227658072
1600 60385 -0.143391763432388
1601 169611 0.400685525141924
1602 23231 -0.186436440461556
1603 10352 0.243504777231194
1604 79658 0.19859052112132
1605 64747 -0.297540311938535
1606 5121 -0.254057182045948
1607 6873 0.140700453884921
1608 79075 -0.147238615487598
1609 1459 0.240810883763038
1610 84148 -0.208773406133059
1611 1183 -0.364269157071703
1612 3945 -0.126599527510933
1613 138050 -0.274017406701413
1614 6523 -0.603986353753749
1615 1944 -0.187851208115344
1616 435 -0.177347651537802
1617 4356 -0.300507230621301
1618 115123 0.371149268219483
1619 1120 -0.187064642106673
1620 134 -0.221117775462774
1621 2186 0.204679862531396
1622 22906 0.237096758546183
1623 3730 0.445032136521298
1624 4599 -0.586750863020693
1625 1506 -0.162893542750014
1626 8498 -0.240611251860392
1627 8942 -0.270358409987296
1628 1301 -0.186068341838586
1629 1431 -0.206100831161208
1630 10771 0.194909976425036
1631 3399 0.340874604238643
1632 64748 -0.202775953014782
1633 27079 -0.152371569879992
1634 1353 -0.243022192497719
1635 9482 0.25703163819948
1636 55033 0.14694076067073
1637 2925 -0.17374023651802
1638 5362 0.294702519037153
1639 79876 -0.217839691825166
1640 6301 0.156223561023873
1641 79170 -0.141783782245734
1642 4330 0.444314211228947
1643 3781 -0.506836361790205
1644 9818 0.153493412788339
1645 3678 0.201978451285029
1646 29969 0.245236004175188
1647 4001 -0.180993767703105
1648 899 -0.113705829583476
1649 6733 0.271192299589224
1650 3490 0.336360344154162
1651 6191 0.194549616338751
1652 9244 0.662043792913217
1653 3764 -0.456711136997873
1654 6819 -0.150685059089088
1655 3569 -0.258047109726435
1656 11343 0.237000023640848
1657 11313 -0.14455572293569
1658 10864 -0.217931987506979
1659 9885 0.156468418575697
1660 29922 0.213935675612163
1661 8634 0.345785169167446
1662 8658 0.296849263720594
1663 8013 -0.879698343768905
1664 54798 -0.16501809475194
1665 2788 -0.187966799137165
1666 10455 0.173060936614208
1667 57192 -0.178659809336951
1668 2644 -0.265053744393017
1669 1428 0.338091552515083
1670 23072 -0.177140248256983
1671 5994 -0.12885418485877
1672 6675 -0.274043634998378
1673 30844 -0.389188871677533
1674 7866 -0.186733411027337
1675 56947 0.234307516817966
1676 4308 -0.196738236974135
1677 472 0.135716552799624
1678 5832 0.219974577171405
1679 81894 -0.168318238441211
1680 9555 0.170717259943964
1681 5515 0.224891248343317
1682 231 -0.272436948457074
1683 59348 0.143431314633088
1684 7175 0.253153742907829
1685 2063 -0.277647676177807
1686 11045 -0.143216298144226
1687 83468 0.293110774625738
1688 8840 -0.175819743076689
1689 7139 -0.138140084796596
1690 3959 -0.289730213446243
1691 3074 0.336663379115855
1692 5648 -0.146625268725666
1693 5981 0.148204966913837
1694 51118 -0.238778898664837
1695 25963 0.262906149229309
1696 23566 -0.209106152983042
1697 55734 0.214030942088021
1698 3713 -0.149322996265859
1699 859 -0.193709083801506
1700 23683 0.201484319570378
1701 7253 -0.156123375244247
1702 3242 -0.169361299162834
1703 10581 -0.317184665950471
1704 23469 0.255374731420828
1705 5618 0.128874870472517
1706 3899 -0.1343736615535
1707 6529 0.229527032147509
1708 1152 -0.629959137558615
1709 5358 0.28116902206858
1710 9486 0.158416816251583
1711 6837 -0.110063641860681
1712 6716 -0.159015614497674
1713 2355 -0.195212646185248
1714 5184 -0.212398095437845
1715 84720 -0.154359705452053
1716 55799 -0.135416423577018
1717 8396 0.118763176670772
1718 5003 -0.131349694681179
1719 54758 0.211873966234857
1720 22868 -0.203178674358245
1721 9725 -0.156663937600842
1722 8835 0.534078783134115
1723 1803 -0.235266583194104
1724 2322 -0.139740414696257
1725 4886 0.43397301569272
1726 5156 -0.151482178159138
1727 51542 0.127904913697908
1728 52 0.252705994889798
1729 3550 0.241393969849899
1730 4357 -0.262359292734352
1731 9666 0.219281359098028
1732 171023 0.1578380953991
1733 25926 0.192195131705127
1734 10963 0.208824940647023
1735 9153 -0.194281348118094
1736 51816 0.593678964672453
1737 23386 -0.163582550141005
1738 9619 -0.437103890116273
1739 10549 0.311453650884456
1740 3308 0.454721720487335
1741 6732 -0.16119415327038
1742 57403 0.289769414121436
1743 10595 -0.125989065617237
1744 9810 -0.182242531161677
1745 7373 0.702923924893684
1746 3909 0.216025233514373
1747 25999 0.162464154498327
1748 323 0.242818458799935
1749 9892 -0.426335372768122
1750 23516 -0.313522096220371
1751 4817 -0.152526437046845
1752 7042 0.362772143576963
1753 5587 0.26620123140408
1754 1269 -0.213002992702984
1755 3248 -0.194429414481624
1756 9623 -0.165003351606916
1757 85368 -0.136078778987319
1758 49855 -0.267038135090386
1759 3831 0.199905428008856
1760 1349 -0.17465458900373
1761 10221 0.7994125837107
1762 9043 0.142230746274505
1763 100500849 -0.138995696551684
1764 7172 -0.18632433772177
1765 9338 -0.16986747003617
1766 9581 0.326503080164816
1767 80831 -0.145876540041367
1768 54165 0.166815077461418
1769 467 -0.891154392440037
1770 351 0.23756208459894
1771 23142 0.209533826311058
1772 9124 0.265258920719992
1773 9377 -0.21515643169487
1774 9715 -0.176358236633492
1775 79149 -0.155690372067658
1776 4929 -0.42355172488947
1777 28985 0.222433617610211
1778 55062 0.374839325707153
1779 8813 0.239382547766089
1780 5578 0.32787687495601
1781 10659 0.216135652533399
1782 56683 0.251382751142611
1783 54531 -0.191960018099828
1784 57228 -0.191775238349802
1785 4185 -0.210858130450811
1786 55220 -0.143564240699415
1787 55816 0.341567383991546
1788 56941 -0.163364717778988
1789 23214 0.174518347978381
1790 1396 0.438253957528936
1791 25978 0.309084682924731
1792 4087 0.244310293351399
1793 9577 0.141651987077724
1794 4586 -0.239987397158272
1795 1398 0.274777803458242
1796 5420 -0.419961221456161
1797 1537 -0.219285668102357
1798 23786 -0.244606046073013
1799 522 -0.174259886408853
1800 219333 0.248231553506793
1801 3203 -0.183841313119749
1802 605 0.164286272076225
1803 728392 0.263030860900379
1804 90204 -0.199176865189979
1805 114876 -0.210269990621203
1806 51171 -0.159785032366442
1807 79742 -0.180716109353566
1808 3080 0.218339601344709
1809 53371 0.132366431428205
1810 3778 0.302061349329973
1811 23299 0.209968441092641
1812 81579 -0.237199727338708
1813 1144 -0.179479793267654
1814 37 -0.402153408436432
1815 240 -0.192848352429296
1816 5612 0.231707487296749
1817 56926 0.149733075764718
1818 64598 -0.162388668781418
1819 205 0.31532313260395
1820 642 0.144898189335009
1821 6634 0.207513918852602
1822 5336 -0.214341739935888
1823 3775 -0.558652837402017
1824 79736 -0.179499597279675
1825 84271 -0.163978958587262
1826 1646 -0.444900116668787
1827 7203 0.307082459587271
1828 6787 0.264633344930254
1829 55900 0.206682430987327
1830 51027 -0.170360236315552
1831 2050 -0.158184703102004
1832 51422 -0.137240371789005
1833 51571 -0.207927084291393
1834 55032 0.1822899776036
1835 100506070 -0.146167603958599
1836 81851 -0.174430325032234
1837 22828 0.220842515787893
1838 4712 -0.203337556714684
1839 55748 -0.193410254940469
1840 6508 -0.367142648722211
1841 5001 0.218383526260086
1842 3914 -0.150128798204561
1843 2251 -0.151561883235082
1844 3187 0.399815620077418
1845 79863 0.180250075782441
1846 8996 0.25620804471138
1847 650 0.362945415649504
1848 3620 -0.282555670330289
1849 1366 -0.135920680203789
1850 5436 0.270408744373061
1851 408 -0.211966943241089
1852 1822 -0.224800598586835
1853 5965 -0.303427015677378
1854 9865 0.355922197719635
1855 4772 -0.151074916729618
1856 64759 0.321196976631089
1857 23024 -0.360115725121606
1858 8079 -0.189216880847225
1859 10054 0.240033873615152
1860 11142 0.346631232932015
1861 64793 -0.175067019588884
1862 64285 0.229336574455731
1863 55898 0.152049194226358
1864 25979 -0.326659085936627
1865 2317 -0.205076498645745
1866 54780 0.158276333279748
1867 23148 -0.154569379576418
1868 283232 0.123083130565479
1869 113791 0.30237329523324
1870 4978 -0.13503667931337
1871 8301 0.243763486959189
1872 79442 -0.425303799335792
1873 23247 0.200074057869122
1874 26511 0.30277705035641
1875 10160 0.474137473694937
1876 25774 -0.164447996984757
1877 54738 -0.170017530063845
1878 6402 -0.193656840692297
1879 55384 0.262727200385365
1880 3669 -0.194377595250839
1881 3032 -0.236096651755453
1882 23411 0.157553148507893
1883 8560 -0.235665094685837
1884 126070 -0.134905389841959
1885 10201 -0.193779105785928
1886 489 -0.156981613249135
1887 3684 -0.416666171690684
1888 11093 -0.141302394342488
1889 5140 0.217669949486361
1890 6004 -0.184934252314087
1891 8745 -0.288258309525154
1892 11102 -0.298757407352097
1893 2040 -0.177322162506984
1894 1072 -0.104728434680927
1895 4891 -0.161854240259625
1896 2235 0.23415951203582
1897 27044 0.215169135778908
1898 2882 0.215328369760451
1899 9293 -0.146860068549882
1900 10922 -0.197502129419767
1901 23034 0.148174057153481
1902 4162 0.328950315150147
1903 390 0.358822199144262
1904 100289255 0.142504003603162
1905 8906 -0.116818310477535
1906 56255 -0.329767074820685
1907 64981 -0.242914641610486
1908 50618 0.191008922995298
1909 55157 -0.135087866680074
1910 23071 0.213840221718854
1911 57165 -0.170007663783304
1912 10955 0.179765902028828
1913 284403 -0.301094137228141
1914 9568 -0.35039364838072
1915 6035 -0.467283342624103
1916 9331 -0.146026239427646
1917 11017 0.124494426894485
1918 9369 0.154486098156436
1919 10687 0.273617533477415
1920 9674 -0.176459693330011
1921 5646 -0.123134441114162
1922 64901 0.174577069672917
1923 6656 -0.100573157766578
1924 7378 0.248795957563478
1925 127833 -0.150455042637731
1926 25913 -0.193104013014118
1927 6141 0.277661744860913
1928 1948 0.321630365435668
1929 56603 0.378024822432116
1930 57380 -0.296047617566047
1931 23116 0.308832141178569
1932 2495 0.396476493420634
1933 5781 0.500260529065597
1934 1233 -0.200955265416637
1935 26123 0.14707425366081
1936 55740 0.557725332532952
1937 1174 -0.140753300643873
1938 3475 0.436491990673058
1939 6238 -0.17664620937539
1940 10085 -0.169480107283063
1941 54344 0.206886289805631
1942 10300 -0.16760094238427
1943 55746 0.169907933140085
1944 7291 0.117250337550408
1945 51490 -0.125677252956374
1946 4094 -0.118520824906605
1947 2171 -0.465380645138552
1948 7357 -0.182040643216568
1949 5532 -0.190664593096382
1950 7408 -0.293881624991053
1951 51029 0.133127041109367
1952 290 -0.196647873267233
1953 9328 -0.122620690632662
1954 54187 -0.198605098610697
1955 4360 -0.694220891434746
1956 9126 0.174839646959084
1957 164 0.173591292913143
1958 11237 -0.148009307017234
1959 7127 -0.364439638823814
1960 6201 0.272477707829784
1961 4552 -0.188981293252601
1962 2824 0.196271673163492
1963 5813 0.216953563146996
1964 79101 0.162117506652943
1965 8506 -0.236520752424211
1966 2923 0.219542819109154
1967 4982 0.279754152762624
1968 5307 -0.148177178746247
1969 8621 -0.146147722411439
1970 23326 0.28176769313435
1971 54107 -0.165196013879028
1972 10430 -0.209153379927045
1973 9652 0.222375445953215
1974 23383 0.157073404327342
1975 6853 -0.211435145813411
1976 4179 -0.229351267425308
1977 7047 -0.203579832913714
1978 6236 -0.59428038573693
1979 55715 0.29882581242886
1980 79741 -0.176022878773376
1981 6277 -0.207721316859839
1982 28513 0.507694545277968
1983 841 -0.227773857935055
1984 8834 -0.151030348201317
1985 23759 0.140007053965853
1986 51768 0.126267291921928
1987 5655 -0.232033328387812
1988 192666 -0.123062574197278
1989 1479 0.213126457617149
1990 5579 -0.191499495028558
1991 8470 0.249007618435071
1992 3815 0.247896063268792
1993 4351 -0.202332973617192
1994 79890 -0.0985477142678963
1995 6649 0.183497259625648
1996 29930 -0.144955217536313
1997 54471 -0.136078815387173
1998 2639 -0.277378977878616
1999 5191 -0.210696240312294
2000 55094 0.176395027557164
2001 9847 0.226084782945437
2002 112399 0.465188490690521
2003 84818 -0.170489540721837
2004 3842 0.136525215454734
2005 3727 -0.276272555737352
2006 90121 0.176038853126895
2007 4682 -0.193936464573632
2008 57050 0.182827939184817
2009 9552 -0.14786768124589
2010 26468 -0.235029225282092
2011 6541 0.37137580154867
2012 490 0.2097686890781
2013 10102 0.148268313726728
2014 59339 0.154646820419394
2015 100131532 -0.141942415790998
2016 2673 0.463699997166833
2017 23511 0.176123824903513
2018 84617 0.267848878560134
2019 8542 -0.244765131343978
2020 55837 0.210758729126507
2021 1783 0.269056010057454
2022 1075 -0.567485380636545
2023 1053 -0.14914488118982
2024 728621 -0.204229352332558
2025 1378 -0.155145296092955
2026 3183 0.22401130351431
2027 23174 0.285594697840274
2028 6432 0.303999114823005
2029 4807 -0.129864551765786
2030 54968 -0.217999720162007
2031 9536 -0.269266348494298
2032 611 -0.121593119142189
2033 57037 0.379787773880595
2034 9048 -0.144386758136176
2035 5702 0.237805195834694
2036 6095 0.360953160202037
2037 10380 -0.123623207932214
2038 441263 -0.224583923900001
2039 55584 -0.152899306403047
2040 10159 0.343355326271984
2041 23033 0.224466572320316
2042 261726 0.253697751773192
2043 7138 0.611033684571906
2044 9779 -0.183075353780312
2045 6677 -0.191072071805794
2046 81857 -0.183530211238001
2047 28960 0.132365405406051
2048 10895 -0.153669291392698
2049 9909 -0.212839831364844
2050 2903 -0.26477986012093
2051 64761 -0.308637130127702
2052 8490 0.142514150154993
2053 7286 0.17309016864886
2054 9334 -0.252662961638592
2055 8731 0.176899216960893
2056 6262 -0.336861392969629
2057 942 -0.145315232286646
2058 64429 0.134585660349099
2059 51397 -0.193129504736694
2060 56154 -0.186868962839384
2061 908 0.260201198087151
2062 54988 -0.149290641846487
2063 22882 -0.184143186869406
2064 6275 -0.597269432998196
2065 57460 -0.188948701978999
2066 80228 -0.138842310741855
2067 5914 -0.22294846634785
2068 64431 0.287135657539866
2069 1149 -0.239263262791058
2070 2237 -0.171035920972201
2071 5275 -0.147823876406705
2072 27348 -0.134010532400352
2073 50805 -0.277891051338505
2074 23030 -0.13999204343888
2075 445 -0.353377016758564
2076 10295 -0.192507084181042
2077 55848 -0.174758727116412
2078 8153 -0.150098263859443
2079 23357 -0.124850834320915
2080 6133 0.177330467919464
2081 6925 0.303962610706785
2082 1992 -0.359082099832835
2083 25840 0.466657151713367
2084 10682 -0.304766748310106
2085 23549 -0.143176663664956
2086 2348 -0.191710562058016
2087 8836 -0.245373486193297
2088 54946 -0.193007403867858
2089 10480 -0.211435509863326
2090 4147 0.700313918529055
2091 9056 -0.204862681575465
2092 79585 -0.174684948959266
2093 11198 0.166627337385041
2094 7764 0.144637840068133
2095 2041 -0.113182226961277
2096 8721 0.264510174672639
2097 6228 0.135983160747713