1 29767 2.53331499809524
2 27253 2.30804201174941
3 857 1.43863182416838
4 7450 2.02739880660181
5 25937 2.0701057840576
6 7056 2.59308098698003
7 285 3.71363364516965
8 10203 1.39934337700223
9 1282 2.6696106469517
10 1464 2.17393626851749
11 10052 2.09809245353474
12 3934 2.89460680619072
13 3488 2.31366675759111
14 3791 1.3369868160264
15 2701 2.37839568167908
16 813 1.59006970183099
17 2200 2.19486862419427
18 3764 2.62400952459777
19 54922 1.28761099478911
20 5175 1.98741514897134
21 4836 1.66650813767833
22 541471 2.37592604019029
23 266655 0.954795751699621
24 79812 1.27790519975556
25 90865 1.94768168745828
26 121457 1.1727973848449
27 51427 2.59412542228241
28 1293 1.60979469640358
29 10630 2.45635158313805
30 134549 -0.815119934675867
31 7078 1.06550677958567
32 64123 1.70024418178621
33 3678 2.04479911525887
34 1362 0.724337395447764
35 1116 5.09243508789344
36 6712 1.76510280507788
37 11096 1.44489136708928
38 6372 3.53322040303347
39 284119 1.0040296938175
40 387758 1.50605955548679
41 26585 3.25370157673047
42 4430 0.748921439799348
43 5062 1.10711163778701
44 83643 3.72652548911912
45 9411 1.23264888841022
46 1278 2.33336620716566
47 1303 2.96578640611659
48 9122 2.75746593013122
49 8547 2.01707736155476
50 140545 -0.735200241715058
51 3426 2.51478150459168
52 8490 1.87230599760561
53 641700 1.30179468287208
54 1284 1.3914658041126
55 1003 1.20534041952631
56 5361 1.53841761702562
57 80781 1.54062944812839
58 8767 1.2112560666272
59 2983 1.43193857767074
60 725 2.91612768195129
61 22918 1.33803236895257
62 206358 -1.25144437459783
63 2919 3.50939701282411
64 7075 2.35910714115154
65 25907 2.64173660388808
66 947 0.867289975785475
67 3576 5.02778505431154
68 54873 1.47790297553904
69 1397 1.34456414600371
70 219988 1.18472033712675
71 145567 0.965815100853582
72 3082 1.28673730571826
73 83595 1.04312540802071
74 2078 0.905242494365072
75 8621 -1.00214106883603
76 30 -0.837772906327181
77 5068 5.29340769321896
78 1909 2.05990949901392
79 8503 0.940228902259701
80 5967 5.28233503852876
81 5054 3.99969708383543
82 4327 2.07765329426499
83 8840 2.39262910845226
84 221395 1.64460095532375
85 2182 1.68450817213483
86 54584 2.00310385889755
87 101928578 1.69686956028071
88 8295 0.767528183130999
89 3915 1.02402505635377
90 23175 1.15292074682444
91 2619 4.14613600698291
92 6279 3.70430735950556
93 644844 -1.93102167800039
94 51363 1.6273832979124
95 9509 3.51372153052236
96 5764 -1.59121475208841
97 187 1.72651121667769
98 6281 -1.15401023444569
99 56265 1.91758408004843
100 64321 0.714226326583516
101 63916 0.682604910310983
102 54345 1.34055642197965
103 60675 4.77382772331165
104 28984 1.47986822228156
105 4256 1.12829364866536
106 2358 2.79929391946557
107 57493 1.10267231191166
108 4162 1.3872530362656
109 51083 2.46970488254752
110 8754 0.742426319736643
111 7042 1.31455065478518
112 90957 1.67877329653803
113 388969 -0.661998910735209
114 10309 1.28522235420118
115 81575 1.6439489040968
116 1604 1.78806281506846
117 1809 0.933598438894439
118 6092 1.21825346834021
119 57608 2.7095970231419
120 127703 0.84722244121184
121 3092 1.43120270866901
122 270 -1.64281964005071
123 10581 1.55067746013017
124 26468 1.47917684302637
125 7076 1.92274151238923
126 26762 -1.31180688459133
127 5630 1.77005022418302
128 115908 2.95707072496126
129 56648 1.59766154312401
130 4023 3.26426594060004
131 7058 3.24336151727822
132 3836 0.652658808887844
133 1153 -0.923580932168553
134 8751 0.914542232953554
135 85016 1.6383391062108
136 22936 1.56887898266564
137 163 0.787779887452926
138 6678 1.31934094845225
139 858 1.09404634782625
140 124540 1.07571233463281
141 11167 1.33559210568948
142 5827 -1.1444431060996
143 100505687 2.61737450161293
144 1306 1.41788851596899
145 80167 -0.796202139464661
146 10762 0.866203095933803
147 54431 1.13275208606464
148 80210 0.811687133449552
149 1277 1.83272141161142
150 59084 0.975260677902142
151 101928173 2.01415210612747
152 285016 -1.52325893088866
153 5420 1.12618287614536
154 366 4.12800241977808
155 23085 1.49575889142329
156 2906 1.79671319370874
157 60681 2.59180720259201
158 6374 4.88512512389164
159 22848 -0.896717846233752
160 56159 -1.84506685280963
161 54205 -1.04825197317565
162 12 2.98483324815935
163 4233 1.24391137425269
164 378938 -1.43415097394292
165 666 1.11594502841766
166 3624 4.4698750048908
167 50807 2.28394679913862
168 6812 1.23451698117894
169 56548 2.04158389185044
170 124359 0.726403891317744
171 154810 0.858126761247303
172 2618 0.896825943402511
173 116986 1.70774597566857
174 100129792 -0.7131832222585
175 5372 -0.787917761537793
176 116159 0.859292556852873
177 54567 1.41431572862785
178 23251 1.75680640121415
179 3998 1.32535791315288
180 3598 3.38364405226416
181 54097 3.50618692140572
182 10085 -1.51452371164946
183 1290 1.50753324927898
184 50506 3.69419322235889
185 5915 1.03816911339168
186 11072 1.52929440432455
187 8572 2.63867339479305
188 57704 -1.03112505740042
189 9429 -2.56839625189528
190 80221 -1.34079800973557
191 101060691 -0.909420879287608
192 22882 0.812137651115949
193 2321 1.84872550862165
194 58483 -1.62474893303332
195 116441 0.879669065430632
196 6799 -1.25552077137503
197 27145 1.14200376852564
198 10138 1.08809418299548
199 285989 -0.765891605490348
200 10272 1.516910625702
201 825 -0.745567976250045
202 56888 1.32165329844308
203 6483 1.77473394123336
204 1462 1.41239069898586
205 10410 1.26809984148827
206 5729 -1.29668201283762
207 2692 1.49287318568177
208 51088 1.26181433404175
209 65983 -1.19515022928078
210 79832 0.850867781578064
211 55142 -0.646734708341109
212 3490 1.25120973771628
213 6584 -1.36905618303825
214 54541 1.70435671371995
215 7980 4.06895329017822
216 1994 0.968246672867828
217 54829 0.913660519588447
218 51265 1.8410816214721
219 4928 0.836703850162948
220 23452 1.48477451249128
221 24145 1.31431842164976
222 4323 1.77479229153459
223 23347 -0.971251565607639
224 55790 1.67352519532087
225 5784 2.16152312796457
226 2004 0.898164755127157
227 10110 -1.28881059646692
228 5069 1.0790903739949
229 81693 -1.632909260341
230 56886 0.757177451065099
231 11254 3.0461331986133
232 643911 4.19315910168358
233 51561 1.83569598647511
234 56938 1.95232198083262
235 9536 1.66872166165531
236 8843 3.70178786679692
237 150209 -1.2595442675188
238 7171 0.875893033773135
239 54482 -0.958996347204977
240 284346 -1.24581537136808
241 124220 1.33409910686087
242 9588 -0.815596208647321
243 124491 -0.711307816603021
244 9639 1.00807048853524
245 2022 1.15541644186426
246 284723 -2.97849597997196
247 2920 2.49203695712436
248 55243 0.951809314456089
249 775 1.17391047279116
250 27147 -1.25821446983901
251 55573 0.816491038302599
252 8618 1.64989399508741
253 1123 2.16660428676541
254 164380 -1.18434217904931
255 57709 1.43402694939341
256 100506476 -1.75949336276323
257 9746 1.30657625310732
258 1797 1.09750581158053
259 4017 1.72006599382664
260 4067 0.849998856219999
261 221545 -0.791643185962739
262 54331 1.42055755664027
263 4799 -0.775288256478452
264 3308 0.657263027531847
265 9180 1.01882210273452
266 253959 -0.925301893650107
267 7169 1.17000673090481
268 1012 2.59585720119631
269 100533182 -0.625490105245619
270 79567 2.02841516483327
271 2982 1.28642859666267
272 166968 -1.30968881320566
273 10468 1.94426893983765
274 6401 2.8872033981109
275 3553 2.76202199114289
276 85007 -1.25341282681621
277 54498 2.24527855089751
278 2191 3.59502340888163
279 55599 -0.89203354997421
280 5266 2.38993768453698
281 57460 1.03089698402414
282 79888 2.18097097539628
283 9448 0.77049206748891
284 80854 0.7135862147552
285 4661 1.55383520032334
286 79094 2.70517770015815
287 4314 4.62965855355116
288 80143 -0.62692622464064
289 222008 -2.99367274301359
290 1901 0.977063582434468
291 6004 1.64737593465142
292 35 -1.35588046406981
293 6782 0.796124917432694
294 79838 0.848912460401964
295 6781 3.53539465407195
296 2247 1.53125971347773
297 26524 0.803226782947645
298 3656 1.50337786142959
299 1879 2.00871798116614
300 80758 2.26992585121069
301 100506299 -0.823606657331509
302 114825 -0.47879204997562
303 151295 -0.866428918138972
304 2166 -0.706547273756868
305 2921 2.87046791304193
306 114882 0.744618663358777
307 284207 -0.635134798266677
308 4237 1.54361116875883
309 130399 -1.17730202435125
310 3557 2.78664662200338
311 9295 -0.942701504083981
312 4811 1.02374396107089
313 10241 -0.800681751443467
314 5142 1.66167980963281
315 25825 1.88893094076656
316 5396 2.9681802885973
317 5954 0.854654340366876
318 359 1.62131822343458
319 4854 1.67360099975549
320 5968 4.36084048325813
321 25828 -0.599861380180483
322 1404 -1.34964938107199
323 10351 -2.73211662524797
324 117247 2.36786675310585
325 23065 0.784007188384358
326 25800 1.11936472706362
327 100132815 -0.638241682704265
328 7453 0.718529981801646
329 60481 1.4925629209338
330 10428 -0.615111937942012
331 100507267 1.61092068676164
332 9456 1.46979988564178
333 85441 1.34283115758043
334 4837 1.7080794085153
335 2487 -1.32289355064924
336 369 1.92371523669503
337 2764 -0.574849087583724
338 1903 1.56295551476997
339 254887 -0.766536297288175
340 7070 1.17323137482267
341 80022 -1.17879217758992
342 65125 0.592527007368044
343 221883 -1.00406667142885
344 3958 -1.18382023860596
345 3672 0.954120209145916
346 25817 2.5078335667946
347 5793 1.11298356516244
348 493869 1.36440728476732
349 85457 -0.935230344078441
350 122416 -1.14661285550245
351 170960 -0.671942975583249
352 1490 1.33868997642786
353 85477 -1.10843528348692
354 10627 -0.895090441246237
355 23213 1.8118258559254
356 90338 -0.73780601953502
357 83483 0.932967033598782
358 10186 0.597306006124542
359 9397 -0.818356146883042
360 633 1.9285639260797
361 6253 0.623783000821293
362 10518 -0.689543694314622
363 116988 0.611330247575518
364 5654 1.12760147229971
365 64080 -0.722344313717477
366 5238 0.840257192014569
367 9469 1.34320841223711
368 27286 2.13139581699155
369 90411 0.777382606066103
370 8467 0.665719403037269
371 8553 2.07082009322748
372 51702 -1.23256016786228
373 10008 1.03777338710994
374 64221 -1.76563333391948
375 55532 -2.25050453619417
376 138050 1.41685484227828
377 10916 0.741159936106039
378 400 0.628317337218171
379 4695 -0.628199683320666
380 10562 2.50987982065176
381 8863 -1.30991118241418
382 2591 -1.39329671950835
383 57381 0.950673581877409
384 84962 1.70141372116374
385 55002 0.882073063093292
386 3569 2.44866497238337
387 5140 -0.814209125337223
388 389541 -0.58105324892988
389 84733 1.21372943781253
390 134285 -1.19533342949053
391 55793 -0.863686714213284
392 26268 -0.832317010741079
393 1009 1.15986160205694
394 56994 -1.10118844355713
395 1181 -0.685248653758427
396 6387 -2.2244695155371
397 23641 0.761830324495926
398 3339 1.03672305390509
399 151393 -1.13187179281087
400 91283 0.661370323795548
401 23063 0.463917550776447
402 8800 -0.981860069222023
403 646962 -1.6698997440016
404 23271 0.854655471444939
405 23035 -1.40512328775865
406 10903 -1.17596683130058
407 79742 0.617554635969205
408 50509 3.02876761666294
409 100289255 -1.61199342109791
410 220963 -1.93287447616965
411 125058 1.35048499130327
412 444 0.888816133080118
413 7216 1.24073493961608
414 5414 0.841356923563298
415 253982 0.741150830657785
416 3098 0.717996503952413
417 23129 1.38980016600445
418 9871 0.91535777876082
419 90 0.48995328531297
420 285203 0.661537303585568
421 29968 2.39351169965911
422 64857 1.83251360373006
423 9361 0.722072373045195
424 6352 -0.986202851944663
425 9966 0.841979751175115
426 50507 1.698379149046
427 9170 1.00232566640808
428 389136 1.34775268055629
429 100 1.26524490076225
430 10221 2.34372931455233
431 11178 1.17185095788062
432 1894 1.10196250100699
433 6548 0.969688796271891
434 5156 1.91185695120697
435 25975 2.01876883691207
436 55349 1.33728146945515
437 54566 -0.762636358368939
438 7001 -0.94088246190187
439 8645 -0.951702672964437
440 6280 3.15865437002606
441 27330 -1.04584206087005
442 26716 -1.10908003898611
443 58533 -0.580300223082137
444 83857 1.07190324767077
445 54532 -1.18647748903475
446 6368 -2.32166907962642
447 1378 1.81789798258726
448 154661 -1.22018614600218
449 135112 1.05306234687467
450 23255 1.0704229100086
451 23314 -1.29251353127507
452 56339 -0.68800185166085
453 63910 1.47093135616696
454 1466 1.18222238886076
455 64748 1.13843981737883
456 7644 -0.892481455874472
457 4363 0.927623187936865
458 5977 0.641512719343762
459 7358 -1.09449107937854
460 1776 -1.4475839549585
461 254428 0.788073139283897
462 23704 1.01992741697214
463 5465 -0.757516361253105
464 26207 0.872740659491959
465 55907 -0.705590652988347
466 9777 0.787625788570649
467 7429 -0.82048279234688
468 10068 -0.670281836989192
469 375790 1.00365689720094
470 3673 1.17286631154466
471 3290 1.77213668504499
472 6533 1.6610084708317
473 157381 1.48206119262556
474 629 1.57380490699399
475 389362 -0.871784906153446
476 405753 3.362231661935
477 9510 1.89547007338319
478 1184 0.874214199010449
479 51684 1.30060550943312
480 64328 0.802652232774022
481 11126 -1.31023207947328
482 288 -1.02735398940465
483 94097 -0.544299097825007
484 2867 1.93068527350403
485 28232 0.717371347641431
486 4637 -0.586182281333896
487 10669 2.13280757425522
488 114876 -0.96004308390134
489 166647 -0.884044747325084
490 51087 -1.09621914811713
491 55620 -1.00194801733024
492 343 -3.69273416772364
493 116461 2.01664747372729
494 55787 1.21986888485198
495 3782 1.60041742020088
496 4134 0.464648101103533
497 159371 -1.01211168968096
498 7052 2.48036252326032
499 57708 -0.80394273410403
500 9462 0.597308568231901
501 9021 2.35836995767958
502 2117 0.509663940632516
503 11221 0.943661891468789
504 1295 2.64583006250459
505 92092 2.26738929316332
506 64327 0.756704135841216
507 50615 2.01930129364632
508 16 0.515714059400512
509 134147 -0.856911999276456
510 5797 0.856572388127443
511 10499 -0.527297225225849
512 7701 1.08342274442725
513 65065 -1.28970594641424
514 79849 -1.84331460986595
515 85379 -0.730491330333153
516 10939 -0.67230603154953
517 84067 -0.739878376498419
518 64801 -0.73092391388928
519 138151 0.823960986632115
520 9645 -0.579736023822225
521 5481 -1.37631816166562
522 27032 0.719440790381514
523 10426 0.862439127244718
524 38 -0.720778383774205
525 874 1.35014107040174
526 101927166 -1.24366961670676
527 766 -2.28853266711958
528 6624 1.82812762380469
529 81792 2.22798973730801
530 643236 -2.56391339197196
531 8569 -0.514238117204862
532 3797 1.31839090533198
533 51222 -0.751952497453633
534 126129 1.28520891937376
535 8976 -1.27068959129427
536 101928405 -2.34832561697445
537 27109 -1.25151001501584
538 25903 1.49250053324486
539 7068 -1.72921909940113
540 123264 -1.92374605456788
541 9620 1.59101586146547
542 80157 -3.19973578016489
543 10797 1.15438967975282
544 3579 2.78501406586046
545 1824 -1.2778962841847
546 140 -0.904547819361568
547 1891 -0.663772116274416
548 115 -0.720631912453861
549 10420 -0.803119921013709
550 5228 -0.690514489739613
551 10231 -0.822534237827519
552 55225 -1.03131001594653
553 7014 1.86297248514798
554 24142 1.66899251784544
555 4040 -0.579801918387837
556 3853 2.56557673967582
557 4700 -0.637364455594835
558 100132891 1.35701265696734
559 91862 -1.15873711822153
560 3416 0.545921427450518
561 126321 0.77823750971821
562 266675 -2.83294310760343
563 91010 1.3656237305082
564 972 -1.11680725939469
565 2767 -0.775825275690039
566 3607 0.823089525037131
567 7035 1.1241218490365
568 24140 0.853358968017385
569 60485 1.11409017740004
570 55454 0.963128956515707
571 7415 0.650191283399828
572 26504 -1.14985743044516
573 6310 0.62064074686341
574 10979 0.735224550321039
575 22822 1.86391122965052
576 9139 0.915483524063079
577 6925 0.887446960720406
578 5744 2.33419137206688
579 10168 1.38950066719085
580 2268 1.50556831716387
581 105376072 -0.675995431806446
582 10527 0.729198738761388
583 1080 -1.37702391982561
584 90952 1.51343121685939
585 545 0.832022545462155
586 80168 -1.3504309772911
587 677769 -0.801731833470033
588 8906 -1.34975774408949
589 11009 3.49371729078694
590 102723701 -1.01158452236491
591 51474 -0.967328782485765
592 221895 0.710769975455771
593 90874 0.832134085178353
594 8140 2.32112297449906
595 55323 1.53932572485333
596 81034 1.04705667626301
597 23433 1.27162296423443
598 9891 0.698564986359418
599 7516 -0.576797666630958
600 953 0.77119686298597
601 84838 1.69300563250511
602 25994 -0.935973434624598
603 8682 0.657604454056669
604 23428 1.50847382840622
605 57169 0.7957767021212
606 51447 -0.732954119140935
607 7022 2.26875470770942
608 22880 0.463818157250975
609 705 1.51245576451797
610 146439 -0.78012764744896
611 1301 3.28582910632702
612 7474 1.50092688660972
613 163486 -0.766929296032435
614 51393 1.47926014502707
615 10135 2.50546708460429
616 10050 -1.69775342865
617 51582 0.556793262931714
618 6904 1.47588980490624
619 116842 -0.867307670646045
620 7079 1.0851494823961
621 51667 1.51688325869497
622 3912 0.640997713918448
623 54810 -1.0671999237597
624 10413 0.708772116769385
625 3491 1.53712219781581
626 124976 0.991496839515667
627 6745 0.557278754818658
628 142 0.710386958111648
629 25957 -0.671723049990396
630 51548 -0.631427829221741
631 51715 1.71937859424235
632 9076 2.22048820574374
633 10549 0.880935911216303
634 157285 -0.646594481766803
635 153733 -0.565264787944834
636 9125 0.783010591838305
637 221188 1.09479682780371
638 311 -0.55141292490616
639 10295 0.515482187876835
640 440335 -0.800621478442737
641 210 -0.814057973788513
642 23564 -0.819088991078084
643 84267 -0.575460125845435
644 8942 1.72766812148967
645 54940 -0.59290525696885
646 54857 -2.09826466782355
647 6523 1.12120025219976
648 2934 -1.73206024417074
649 1051 1.2803388271501
650 57600 -0.608846167749107
651 23250 1.53501069658822
652 59269 1.32810695517164
653 51068 0.66833499959985
654 23657 1.7871412915645
655 25984 3.31303317316902
656 5145 -1.2994696618042
657 56172 -0.572715545190142
658 3142 0.899943658571404
659 323 0.82217640335038
660 8731 0.688218537879218
661 1374 -0.771836037965535
662 22990 1.13267747716092
663 162461 0.672621843436605
664 1836 -2.28076431926165
665 1876 1.26679038379662
666 10174 -0.630649055350879
667 143458 1.40225925264866
668 59 0.682807242219116
669 284240 1.06811369964465
670 83401 1.53921172035703
671 10435 1.3597895093039
672 8985 0.664010657523493
673 101927451 -0.737004516169421
674 6398 -1.16659746615287
675 50515 1.17453598967165
676 1875 1.01288543284933
677 3371 1.75319819542362
678 2571 2.12731854007958
679 800 0.700446836068057
680 51285 0.591121494245533
681 2067 -0.521362783133887
682 10802 0.542252339725611
683 55200 -0.764523153859511
684 100128164 -1.0823988966594
685 4194 -0.609154849716907
686 6693 -0.722808295821295
687 7818 -0.600635839553438
688 5978 0.409949255291375
689 503639 2.09979442463279
690 51009 -0.853563158233064
691 65263 2.08016401041065
692 9687 2.36376770079116
693 960 0.919352329853518
694 308 0.617281211438229
695 5781 0.672764711551586
696 10745 0.562105803800365
697 9262 -0.707919237833138
698 23166 -0.935113282001993
699 91419 -0.755780863693467
700 54849 1.06237379825523
701 10163 -0.885792098034791
702 79962 -0.530450712812728
703 337876 1.53611157011416
704 11230 1.09992380043384
705 8828 1.73958913040564
706 1594 1.05230628758042
707 51564 1.06349548926615
708 8671 -1.35073212886548
709 101929340 -1.44640958747764
710 79829 -0.53938616410268
711 9260 1.38120334799229
712 6415 -0.573849453961925
713 54796 1.13840927035334
714 54805 -1.30345105609322
715 92291 -1.95793491880051
716 4846 2.38506043398033
717 688 -0.817190954398342
718 5205 -0.816046984200607
719 9218 -0.742257090466843
720 3002 2.02527313846953
721 26027 -1.42855092157142
722 80031 -0.961373092668802
723 203259 0.856376570479083
724 51228 -0.530494949001499
725 3752 1.56247973074631
726 54492 -1.09965855263208
727 5464 0.615029603707647
728 5159 1.0419337918816
729 9159 -0.723339661163681
730 84954 -0.797129919180968
731 3482 0.586711210053863
732 23046 1.99000964539736
733 220 1.06301766769115
734 8038 2.14318708811448
735 6645 0.531244654658765
736 54941 -0.622991957158871
737 63035 0.96349412225614
738 51520 -0.547584302253313
739 54979 -1.14714404443999
740 7804 1.99536339055768
741 3685 0.538107228833569
742 8507 0.876061647232424
743 201134 -1.19944860005456
744 3995 1.93798271541574
745 5573 0.674622826552623
746 5903 0.619880133779663
747 64756 -0.644451826282644
748 55227 -0.706262069637191
749 6482 1.44603965990959
750 1287 1.08513081867839
751 6515 1.45163377347941
752 56999 2.33789184494581
753 6091 0.93457573416531
754 102724851 -1.01373584386358
755 3895 -0.620498318203166
756 81035 -1.08272963860801
757 22856 0.862943172454582
758 85358 1.26417813783846
759 3625 1.6953462362373
760 23139 -0.583708501544429
761 51312 2.08531999293546
762 28970 -0.919099445630769
763 8794 1.59036647369379
764 8934 0.856102370647068
765 9517 -0.603531858674023
766 9289 0.710159238357269
767 6498 0.795200018040155
768 1675 -1.5284624754848
769 80144 1.54752779215446
770 10962 0.772705600047356
771 84501 -0.533809763246039
772 93210 -0.665862750275709
773 586 1.61063773869907
774 54407 0.502581775302014
775 3233 -0.989367845316958
776 5782 0.638934335147129
777 140803 -2.44990710940637
778 1000 0.910391060388268
779 1432 0.512116379161444
780 91689 -0.497510783266137
781 9780 0.77717378210262
782 7767 -0.722837807199447
783 3913 0.641275856256492
784 27134 -0.727545908610054
785 55534 -0.715703487501772
786 9603 1.690288731412
787 57761 2.09564286429364
788 162394 1.86828949840484
789 57584 -0.746484633428425
790 79137 -0.526095758644598
791 79139 0.547544008914723
792 5987 0.677667625043286
793 51013 -0.979516990319929
794 5801 -1.44491833048149
795 6876 1.00190039856759
796 389432 -1.5648418541452
797 7840 -0.582517640363015
798 8535 1.38640654442473
799 90268 1.46520861510357
800 9200 1.48927129561483
801 51375 -0.499077550727632
802 2977 0.770734998891365
803 10911 1.87311814753426
804 55824 -0.926156479717314
805 4683 0.681465161950333
806 64770 -0.678775433140526
807 79154 -1.5346998911526
808 150465 1.01660897894294
809 23171 -0.827739551680111
810 6509 1.14248977098983
811 5669 1.25363445823211
812 722 1.63775275199623
813 54840 0.49562119857632
814 4641 -0.572237767708748
815 23348 0.579289686548099
816 3176 -0.686045232698048
817 8106 -0.712638642508734
818 6696 2.16620943082029
819 145483 -0.629116962675539
820 197320 0.476500617825358
821 23019 0.806332593635066
822 23023 0.607590791676521
823 4312 3.98365028859475
824 9912 -0.695673871272254
825 168455 0.931478485442955
826 440498 -1.16886519302808
827 55137 -1.02855816303805
828 55332 0.701172023008017
829 54893 -0.534677490884153
830 2215 1.88621536236851
831 54852 -1.05631392875072
832 27180 1.13558915624265
833 11075 -2.21970468282453
834 3732 0.812233042937176
835 6722 0.778174010967965
836 8318 1.85591073437741
837 6929 1.39586191005463
838 7433 -1.21445630718592
839 11027 1.92134657249787
840 352909 1.31809986230589
841 84706 1.25367338537223
842 85377 1.62469305550808
843 4671 -0.605473988372093
844 9890 0.903189013201096
845 23499 -0.651587436564139
846 23333 0.875415637113496
847 29780 0.87965625366602
848 55832 0.507672182340858
849 147670 2.1094737165939
850 55771 -0.558096861830689
851 11260 0.985117817295498
852 9582 -1.05287256635659
853 1846 2.1254755089104
854 253827 0.875559122105293
855 83861 -0.558845181127317
856 91252 0.482246278631857
857 221078 -1.56019096548163
858 8877 1.08223036033184
859 284716 -0.744568157635912
860 55757 0.757239146226709
861 7003 0.525767280428868
862 6469 1.11961033875141
863 6691 -1.81759528774517
864 5371 1.82167784778609
865 9121 -0.769942214353387
866 25932 0.651936445162605
867 60492 -0.472530524770299
868 2205 -1.33419178441517
869 8988 -2.08575316615678
870 84536 1.39059102119815
871 153769 -0.954724141024784
872 284656 -0.875273828473821
873 5570 -2.09675979854736
874 146227 1.54580729218535
875 55284 0.631294062542993
876 11156 2.39839456396764
877 79850 0.559484866592655
878 8817 1.54222092468243
879 100506190 2.03339632538187
880 126328 -0.831562920188555
881 400926 -0.690301976777778
882 8450 0.735978148847935
883 51704 1.07780000265993
884 23522 -0.44212134459652
885 23536 0.474645653261652
886 619279 -0.911181245808091
887 91404 0.701964265738149
888 10891 -0.88929617757652
889 6817 -1.11056853871935
890 9530 0.738371641778607
891 89886 1.7395851309347
892 2539 0.954320761317872
893 415116 0.677949230283346
894 595 1.00094523901815
895 8907 0.751210952081912
896 222236 -0.757412863513494
897 4316 2.42373395860997
898 734 0.929365324897288
899 552 2.62659336209129
900 80177 0.818456393886178
901 9290 1.41992780331725
902 132320 1.57244214490902
903 7164 1.14921796040792
904 8876 2.29857348219071
905 84897 -0.820165314685369
906 253152 2.22059815338731
907 6423 2.29971063862603
908 57787 1.09127593650963
909 79085 -0.724992049259139
910 130557 -0.501953305540418
911 10395 0.65108221441572
912 10451 -0.924072220524799
913 4858 1.09445070639472
914 57154 -0.824860788275899
915 54542 1.59811073624002
916 655 2.13818333348695
917 56904 -0.583823046733611
918 26353 0.752868347228657
919 112 -0.747972676753811
920 5271 0.703124570679739
921 25970 -0.620302879950783
922 8556 -1.21872356750765
923 165324 -0.734698221906996
924 5255 0.932853662772434
925 152007 -0.930220365116652
926 11030 1.10341478270907
927 58493 -0.583153518251299
928 5743 2.87653280964125
929 10811 -0.565994955797503
930 55102 1.30475137377142
931 5787 -1.12980577666278
932 54502 -0.674235169191556
933 7678 -0.660604324501488
934 4058 -1.58686587780286
935 5328 1.53742767462662
936 6474 1.26926240855329
937 7855 -0.730228398595235
938 84376 0.738424691558244
939 23215 0.469407478507916
940 80228 0.861645842873839
941 145741 2.41521083995622
942 9117 1.02601953415412
943 9637 -0.53489607053983
944 100131187 -0.642012404458765
945 51315 -0.754572024491207
946 4154 -0.621467569634808
947 55592 -1.56733856729031
948 9315 0.747752005934379
949 23032 -0.548913717681575
950 4714 -0.670213607291478
951 6432 -0.786485707179073
952 57120 -1.26554434898321
953 440348 -1.20126202682559
954 440061 -1.37574277603116
955 833 1.82015352029088
956 1120 -0.800215978577251
957 79627 0.973177492864199
958 2101 -0.561877274061064
959 2107 0.506983675145293
960 51324 -0.562178995182967
961 84888 -0.927629009160768
962 1390 1.51544551790186
963 54885 0.550336090514788
964 85315 -1.18870785385055
965 147040 0.874558049892309
966 115825 0.822199663746363
967 56981 1.06745002388172
968 133121 -0.978861944825719
969 23169 -0.771640763338617
970 10905 0.479563683672634
971 65997 0.895260380643728
972 6282 1.36909460046477
973 79816 -1.13433061754177
974 5966 0.593749298926635
975 80774 1.26118092751378
976 30001 1.04121595483621
977 23080 0.900134362966057
978 9926 0.732835706444249
979 55697 0.932668608442626
980 10668 -0.505936654531915
981 51366 0.701696493826768
982 94031 1.3621413433381
983 3340 1.43791089871108
984 55567 -0.628958939169253
985 22834 -0.603875261433462
986 6945 -0.434823467561371
987 10865 0.842328068203468
988 51567 -0.862642107092213
989 284004 -0.573116970283891
990 11067 1.13512953771972
991 10492 0.746206688381166
992 23518 -1.40384999589216
993 7293 1.88063743541266
994 285908 0.861979813125203
995 79657 0.960724820668113
996 23198 0.603250713379699
997 627 1.65743122670446
998 55268 -0.629618615520226
999 729013 -0.572527420863537
1000 5166 -1.05580742713244
1001 105377371 1.9831779164967
1002 23075 0.638372845370634
1003 4642 -0.634111618179871
1004 54932 -0.567177030735991
1005 816 -0.819360758316188
1006 196410 -0.789053872751094
1007 100506542 -1.41122218736012
1008 645644 -0.590361668511889
1009 57016 -2.05208356515981
1010 7130 2.16652560985024
1011 6541 0.853420289328964
1012 401097 1.0706225815983
1013 114299 1.9180573804286
1014 1755 2.26842567166073
1015 54819 -0.568548505096206
1016 6364 2.01911599701534
1017 7837 0.861616744166458
1018 3158 -1.13061344808963
1019 65243 0.850837877392807
1020 29062 1.38031875798721
1021 5527 0.600886293406598
1022 8780 -0.599201662467756
1023 54919 0.503863513805234
1024 2261 -1.13747387123322
1025 7756 -0.741676270931954
1026 4488 2.47304077280675
1027 84196 0.896337262191334
1028 1029 2.12466710992907
1029 8936 1.06953658744399
1030 11259 0.807361314807238
1031 4982 1.7794493137866
1032 653 -1.77180848880763
1033 126298 0.88572793346853
1034 2037 0.834868764639557
1035 6319 2.55602501743035
1036 57732 -0.775290154441084
1037 6777 0.650053281465033
1038 56907 0.773663905428968
1039 60561 0.615105588094259
1040 100134713 1.26068938105497
1041 3570 -0.921553932416904
1042 24139 1.41153737596994
1043 79819 -0.707246996512815
1044 200958 -1.20710723131348
1045 4289 0.76564178366403
1046 10973 0.678598411360211
1047 29995 0.850912568409409
1048 284948 -1.14623754013448
1049 8856 -0.97259466787385
1050 56937 1.00817764122966
1051 8470 -1.22696694841392
1052 8991 -1.60229535820842
1053 23143 0.650192703314522
1054 84939 -0.472102723912741
1055 80258 -0.953524004236854
1056 25953 -0.616072470270566
1057 51050 2.4460759911633
1058 4015 0.89321124019899
1059 28231 1.82605219698246
1060 11240 -1.15558271941671
1061 4926 -1.50772704438327
1062 9679 1.32789214653391
1063 664 1.09076705912493
1064 140809 0.799153636590328
1065 23524 -0.733768083944611
1066 3383 1.32735828737368
1067 23261 1.44619240135036
1068 3714 0.951737396400455
1069 2210 1.23254128926221
1070 26031 0.922290308388183
1071 3688 0.498043294749978
1072 958 1.13680067069572
1073 57520 1.31221147227754
1074 1428 -0.673807780411028
1075 22839 -0.670171705528956
1076 51444 -0.517182558398037
1077 51302 0.517524490145831
1078 101929280 -0.598957211323883
1079 10446 -2.27274970575827
1080 51043 -1.04073761265257
1081 28951 0.989256641034984
1082 3183 -1.56178931399382
1083 9188 0.87181863702828
1084 3298 0.640255976527612
1085 23474 -0.881270326405144
1086 79586 0.554833675787751
1087 7307 -0.84556546641723
1088 64135 1.88756314633879
1089 5083 2.24255781136067
1090 65258 -1.04997849886351
1091 402779 1.43418237759279
1092 55740 0.805769779889967
1093 5523 -0.948679530593317
1094 221749 0.648146268932493
1095 4082 -0.950758525504796
1096 3786 1.06558553145232
1097 3973 -1.02900718593212
1098 55280 0.773724164371542
1099 161198 1.26486093576124
1100 10618 -0.908806932833521
1101 3097 0.621911808527912
1102 10217 -0.803272390968298
1103 94234 2.47636103804922
1104 5604 0.515214640040952
1105 7421 -0.704131921064182
1106 660 -2.04000164339976
1107 283237 -1.11034484831714
1108 653583 -0.591783093931394
1109 80131 1.22893662942634
1110 2324 0.980685218875795
1111 10475 -0.555564221428178
1112 1811 -2.07249392116409
1113 1503 1.12574910579596
1114 23017 2.43785263339652
1115 23229 -0.687979238549136
1116 6160 -0.541087073312086
1117 2140 -1.08218212374101
1118 6733 0.699798615013425
1119 47 0.606218416528124
1120 66008 -0.95918711422995
1121 1441 1.7785537369691
1122 101928820 -1.26693735590518
1123 55082 -0.815903629733759
1124 51705 0.75077523961364
1125 8609 0.874233006681397
1126 597 1.96204351007798
1127 56681 0.667770906307446
1128 2350 -1.29692634421145
1129 90678 1.06412577342559
1130 25879 0.98748599314022
1131 92140 0.538701505643647
1132 55252 0.403493992010191
1133 2734 0.698470491274991
1134 5367 2.00736991461732
1135 9946 -0.63639064887303
1136 23367 0.513849905903175
1137 100130776 1.70800432428985
1138 23413 1.69569863215084
1139 8714 -1.1703378547476
1140 54557 0.74907107537345
1141 10580 -0.510460648834403
1142 309 0.982751186547798
1143 6529 1.46317841919218
1144 79364 -0.560703763763325
1145 26003 0.347890108188492
1146 4324 -0.601427392304833
1147 5646 -0.578839082634708
1148 1576 1.32457573113051
1149 23774 -0.528581941891542
1150 9654 1.31252074649679
1151 1632 -0.559870531436724
1152 401548 -0.594530490708298
1153 9447 0.709338819282686
1154 54947 0.605992164359912
1155 9497 0.92995289565154
1156 54210 3.1867851991231
1157 9949 0.565532643604902
1158 100505495 1.21323239308052
1159 7010 0.479475451515794
1160 3033 -0.689511233172146
1161 8496 0.921814006203127
1162 10225 -0.761675895106639
1163 7385 -0.947756112566967
1164 8444 1.23495901231832
1165 5494 -0.80105966764255
1166 8519 0.905851302135595
1167 153768 -0.680953368086051
1168 55074 -0.486776333441387
1169 100129961 -0.744153793951841
1170 124 -0.808281998072288
1171 130340 1.35091795022452
1172 8209 -0.672973542251013
1173 3091 0.54502034411024
1174 113622 -0.564973706601085
1175 23232 -0.48121093074108
1176 275 -0.910676427376258
1177 63892 0.608816347005931
1178 220972 -0.671181592402924
1179 85395 0.596565225257377
1180 5593 -1.28471938127518
1181 10228 0.623375158335419
1182 87 0.725808486059163
1183 89853 -0.468590681681253
1184 51755 0.6587858488188
1185 5455 0.917985631918749
1186 5349 -1.2980686829573
1187 2040 1.05660084263829
1188 84168 1.0751217639636
1189 9644 -0.768759428177049
1190 80013 1.57672712746909
1191 2217 -0.953391615935045
1192 1800 2.46029993951486
1193 1326 1.06581632433624
1194 2948 -0.542018751516432
1195 161742 0.529601916367756
1196 2150 -0.732816430128665
1197 57480 0.494289853832779
1198 23450 0.828090283201325
1199 5106 -0.676256651456134
1200 57085 0.769793086924548
1201 55308 0.575364573836838
1202 3169 -1.08626892049665
1203 229 3.97314025029155
1204 7762 1.15703472804808
1205 4077 -0.735286618432077
1206 23366 1.03220581737669
1207 79861 -1.58618069073171
1208 32 -0.791031597975284
1209 25917 -0.609286282129814
1210 11012 1.99794340659053
1211 7263 -1.00613974765266
1212 11282 -0.503497140727584
1213 285025 1.59003996924656
1214 7102 -1.39512555800882
1215 2296 2.17288868735269
1216 26064 1.11501067550578
1217 528 0.520160762017273
1218 2615 1.54112289460597
1219 283212 1.08816348719472
1220 169200 0.859759998379549
1221 23446 -0.813021929532304
1222 871 1.31936990991518
1223 25840 -0.862863389570087
1224 5937 1.53256274143513
1225 4850 -0.548056537255746
1226 6239 -0.633445044346157
1227 64073 -1.38884319676336
1228 101928955 1.58526218575957
1229 100506815 -0.768695567882943
1230 54813 -0.581789890099349
1231 92105 -0.615454583083401
1232 7705 0.579926556548871
1233 4189 0.516523089850164
1234 249 1.10430155967343
1235 57161 -0.977618068962579
1236 7004 1.29537966195548
1237 100049716 -0.51654874856482
1238 51380 -0.703978741185073
1239 155435 0.673124715985856
1240 9615 -0.634152683338389
1241 1513 0.971516864842695
1242 84517 1.36018991637082
1243 10009 0.875851999711262
1244 8502 0.438085327828539
1245 57670 1.07294456141996
1246 64232 -1.54325298029036
1247 5094 -0.739539771878858
1248 150962 -0.827690576186186
1249 51196 -1.09481559855832
1250 2677 0.496021787376762
1251 3965 -0.65153223732028
1252 91734 1.15571119974037
1253 83547 -0.773172507482391
1254 25827 1.59161492667976
1255 389084 -0.891429781242527
1256 118932 0.940847048773069
1257 80325 1.26436068439675
1258 57475 -0.703835933432382
1259 6566 -0.895748238418058
1260 100505494 -0.640326467034367
1261 388591 -0.733345847101577
1262 7008 -0.852457698155277
1263 124935 1.31795225905165
1264 391356 -0.46901709611728
1265 58495 -1.20353363886045
1266 2316 0.711849094201524
1267 8078 0.7693104538717
1268 83868 -1.16802407411919
1269 2328 1.58260645943409
1270 55717 -0.768355579468578
1271 5118 1.63845978111326
1272 2805 -0.566233673927007
1273 374877 1.33201268207554
1274 10000 0.518564764071707
1275 5264 -0.756118627914418
1276 306 0.903361508599641
1277 24147 1.56530417862801
1278 4070 2.17254853727574
1279 1296 1.41303984042788
1280 57648 -0.735522362631476
1281 119504 -0.669315144645617
1282 1138 0.58731064904637
1283 9955 0.868800649205359
1284 6196 0.552960902310167
1285 23286 -1.20672300312098
1286 84189 -1.52442222629668
1287 55076 1.00460876293548
1288 84953 -0.73533059080266
1289 55839 1.06108064322253
1290 4060 1.2338054358463
1291 55384 1.1473816682359
1292 91368 -0.630840004863579
1293 8676 0.55001580595267
1294 5684 0.552254515382989
1295 8987 -1.46534820280969
1296 204 -0.550166040072538
1297 10098 1.94183785678623
1298 23353 -1.55440785172194
1299 51559 -1.45377022573557
1300 7168 -1.45515671700194
1301 79689 1.11559969206053
1302 2762 1.11143003359259
1303 5211 -0.421463912937396
1304 100874241 0.931921117751888
1305 2110 -0.82451291238052
1306 10466 0.429738698969674
1307 54477 -0.551693300191301
1308 3635 2.09048552375262
1309 84869 -0.697146145784972
1310 11251 -1.14101032260636
1311 3437 0.994620268055739
1312 80723 0.756105615007496
1313 55670 -0.827939686611604
1314 10095 0.686734889283686
1315 80323 -1.1955053970847
1316 25945 -0.932563355787853
1317 25948 0.787605563155353
1318 400566 -0.938704181355615
1319 109 0.781813313613641
1320 6461 0.607523528523659
1321 23081 -0.436866650960914
1322 147965 -0.507477901302547
1323 80270 0.819058908321578
1324 6421 -0.624178951925687
1325 147525 -0.509076235189987
1326 2357 1.80016023011119
1327 4673 1.02104444764177
1328 54965 0.413151129186614
1329 346389 1.22679067494065
1330 1004 1.95207064303626
1331 37 -0.727606661628565
1332 57486 -0.682582696158891
1333 163590 0.965896983698029
1334 55591 0.560517337717432
1335 100316868 -1.15065611405771
1336 440993 -1.07271819653238
1337 30845 0.901923454043265
1338 10206 -0.916282941774721
1339 255057 -1.3214404948495
1340 116150 0.474465958141316
1341 3422 -0.738544252198452
1342 5008 2.40200489176981
1343 64922 -1.31681975628925
1344 2012 -0.712713436004829
1345 84281 -1.82835789392724
1346 90139 1.20243815440041
1347 4852 -0.97287796469563
1348 9669 0.897038678741517
1349 25820 0.657105112980868
1350 140738 -1.57968029429972
1351 152330 -1.26367372857963
1352 8659 2.52804302807485
1353 59348 -0.636830102168076
1354 3820 -1.17343450951715
1355 84246 1.05293847044001
1356 6734 0.798769424882256
1357 23552 -0.49050774346422
1358 4601 -0.849298496460557
1359 80235 -1.2237902254476
1360 23052 -1.05247004769356
1361 6774 0.40303244641294
1362 2669 0.97435549185634
1363 78988 -0.406799165316791
1364 1723 0.738838192267383
1365 101928153 -1.24535212197881
1366 55081 -0.488018291481582
1367 1265 0.553696675902899
1368 7782 -0.617371022152275
1369 389177 -0.840291080808972
1370 5936 -0.434782248496296
1371 84820 -0.647592272799358
1372 22801 0.949096714451128
1373 112464 0.867448085535042
1374 5128 0.547808050800978
1375 271 0.56295982927344
1376 79707 -0.460348327329493
1377 246213 -2.19192664103884
1378 55791 0.706349651132003
1379 100507507 0.596895279206215
1380 4707 -0.43490917958497
1381 5226 0.513824634779732
1382 2992 0.606725677043842
1383 56902 0.503054385665264
1384 55250 -0.680923568872112
1385 55450 -0.752515275990653
1386 57104 -0.496447134823569
1387 4332 1.54209542134033
1388 79095 0.72434694087454
1389 3655 0.611694549160152
1390 29881 1.44965435179268
1391 4798 1.28807584067855
1392 7126 0.642356499568724
1393 55858 0.587696239307046
1394 339778 1.85615444381043
1395 9922 0.446627955371623
1396 913 1.0196205449498
1397 8445 -0.81369369430166
1398 100506388 -1.48326426041679
1399 79157 -0.533122542621845
1400 83538 -0.616795732279892
1401 57531 0.470987467572096
1402 8870 1.35109544874966
1403 23225 1.69411048771252
1404 1312 -0.769542851010606
1405 6689 -2.31367943935105
1406 55421 -0.508602520475099
1407 29855 -0.410753491035111
1408 56911 0.859367262370689
1409 57617 1.57036405683817
1410 10490 -0.475511697811783
1411 5351 0.644849162647166
1412 58478 0.595600202628777
1413 28996 -0.779006058931945
1414 6406 1.79931703795769
1415 10044 1.34594101716235
1416 23534 0.474082957817243
1417 6555 -1.10793508823252
1418 6752 -0.88698028227781
1419 2219 1.29858048646972
1420 63027 -1.15835239072899
1421 100506311 -0.940005628837243
1422 1387 1.30582549658941
1423 4794 0.76880019009568
1424 9875 0.49972447731077
1425 90990 -0.537080230792098
1426 100874205 -0.985090132082286
1427 27314 0.928867899689574
1428 26090 -0.700029801622003
1429 539 -0.496977753863176
1430 92211 -1.80186892922116
1431 94121 1.74253652796326
1432 84915 0.654975383246167
1433 10242 -0.473965455675876
1434 22824 1.24579652805168
1435 84668 1.62150433394537
1436 30835 -0.66078757271363
1437 4097 1.49528974176243
1438 80349 -0.793668290986461
1439 1112 -0.474845352826167
1440 4188 1.05448308043827
1441 3920 0.993828720066485
1442 90594 -1.05828144877638
1443 54952 0.555771267527691
1444 3696 0.816288612076994
1445 245812 -1.15578302196915
1446 100652791 -1.25817822871752
1447 4674 -1.34833407006773
1448 7850 -1.56730894466575
1449 7185 1.32830512712756
1450 389023 -1.46990734806552
1451 2153 1.00346687586179
1452 90355 -0.802410778188154
1453 84961 -0.792353827123845
1454 727910 -0.944835796562407
1455 120400 -1.78536387749396
1456 4199 1.26913057909444
1457 5058 -0.617861932806331
1458 55239 0.791253632910177
1459 23077 0.633140174539236
1460 5590 -0.584803000256244
1461 57458 -1.04251799747964
1462 160428 0.987215434655274
1463 2585 0.631495039526177
1464 116496 0.8798535962237
1465 6794 -0.467111618304134
1466 11094 -0.566736329209082
1467 8395 -0.692481036864832
1468 51566 0.51577106500171
1469 64853 0.444085049709919
1470 4026 -0.653154089516645
1471 55556 -0.776766681271422
1472 768211 -0.637294642711332
1473 10288 1.15087803739817
1474 23279 0.71544884256156
1475 7791 0.798396363166159
1476 79447 -0.49390205657912
1477 4357 -0.645212479385505
1478 51205 0.571426922574874
1479 4478 0.741301775387633
1480 90580 0.944726431226105
1481 84793 -1.03267679193407
1482 5358 0.851496637798281
1483 3730 0.802244565395029
1484 440 1.36051910311455
1485 8809 1.18639770948991
1486 6195 -0.506384952093994
1487 89796 1.06624662779531
1488 84289 1.20913079199779
1489 170954 0.88057254735096
1490 6772 0.82839267324932
1491 79646 -0.676380625220659
1492 27 0.577941615363795
1493 5451 0.790926687995277
1494 54884 -0.883444573560686
1495 378805 0.464658955824238
1496 23137 -0.580402202854923
1497 163175 -1.57328608154663
1498 51 -0.705815847605489
1499 3720 0.470635069882482
1500 8086 1.32575592490501
1501 8824 -1.24812861139881
1502 6095 0.838268589283046
1503 27292 0.893446078340155
1504 200014 -0.596783044502875
1505 90871 -0.590338215885403
1506 252969 1.10157899803522
1507 8738 -0.421012282610194
1508 3475 0.645243838518582
1509 100190939 -1.54482638959967
1510 51306 -0.526464933478181
1511 80230 -0.596369660859756
1512 114990 0.723204488743125
1513 51421 0.661038717910872
1514 440603 -0.704179644430015
1515 6234 -0.50054356741593
1516 57447 -1.14642610169609
1517 145173 0.764491558309698
1518 10714 0.644908428219033
1519 100130609 -2.09417351636734
1520 84629 0.598672185373612
1521 79843 1.37942154765219
1522 100507530 -1.08643493271268
1523 11257 -0.70870879930593
1524 130367 -0.781099973539794
1525 10268 0.62540675842288
1526 22906 -0.458366305529452
1527 28987 0.610207007067078
1528 84691 -0.88109717219075
1529 64787 -0.685205291832553
1530 115123 -1.26037948763147
1531 136895 -0.878229772494683
1532 65981 0.922658958238044
1533 4867 2.27513054828495
1534 319 1.65155456984459
1535 100507495 -0.932168569148767
1536 7923 -0.507043734306993
1537 23580 -0.446656510720866
1538 54538 0.94375969944275
1539 9649 -0.923567537373103
1540 2791 0.687349023672333
1541 441478 -0.710261222243414
1542 6597 0.511442309072763
1543 9532 1.31844927670562
1544 4839 0.452247068151602
1545 8673 -0.704028638684836
1546 57507 -0.993919810750889
1547 4800 0.662592436369563
1548 115004 0.816757392813095
1549 7112 0.977671834682148
1550 55837 -0.707524775040657
1551 22877 -0.68160158943931
1552 8764 -0.540306835947911
1553 8802 -0.501309499762286
1554 10449 -1.03072917873659
1555 1314 0.373597297554243
1556 401207 -1.3216338406748
1557 23086 -1.01623619508511
1558 57501 1.25032219152189
1559 83759 -0.547886180942982
1560 883 0.691679242784107
1561 64856 0.879702844919088
1562 8165 -0.465865167619137
1563 55521 -1.23647744077808
1564 84984 0.989198731660012
1565 4061 1.81503954364065
1566 1602 0.784715414766307
1567 23199 -0.601440247432097
1568 23013 1.32625434786443
1569 79098 0.725182834965189
1570 79893 -0.85890319300345
1571 79939 -0.569737426158889
1572 55742 1.13833348327119
1573 2887 0.842388391541659
1574 1122 1.184109924155
1575 57646 0.529367234362301
1576 25778 0.51944812957518
1577 7089 -0.888813832815556
1578 5348 -1.73581391702932
1579 6821 -0.415234191470462
1580 1612 -0.639862304696164
1581 58497 0.441489188602731
1582 7328 0.539106494244477
1583 6594 0.612997843299672
1584 196383 0.77160173256193
1585 7045 1.0676988836604
1586 90423 1.38085554631293
1587 3326 0.786538401692065
1588 11148 -1.50627097341727
1589 57017 -0.570467302055388
1590 957 -1.48716804842823
1591 29094 -0.642170708566097
1592 55338 1.4817193240171
1593 6934 -0.523953160634564
1594 4775 0.526322105003914
1595 285231 -0.618305266981702
1596 81576 -0.439278428061934
1597 25941 -0.429740042267054
1598 53345 -0.719074790391918
1599 8491 0.426922806822901
1600 113235 -0.499189067021296
1601 379025 -0.519488959519817
1602 10276 -0.579861894228442
1603 771 -0.741834646016975
1604 7743 0.454731228764455
1605 3249 0.517433085191242
1606 7322 -0.453345343604452
1607 80310 -0.983143819395924
1608 55299 0.925469790097796
1609 80321 -0.583577338287265
1610 687 -0.837853968246963
1611 10672 -0.525981924793877
1612 55729 -0.431685815206013
1613 23436 -1.07067258667831
1614 92482 -1.09603341424232
1615 5236 -0.590516250136034
1616 401152 -0.508801881336769
1617 10529 0.905280880624902
1618 4013 -0.613335229348554
1619 2647 -0.479205443083654
1620 11345 -0.395928743983118
1621 23603 0.715387807670254
1622 132720 0.641789160658437
1623 284106 -0.48859334913368
1624 57488 0.592220678273047
1625 7737 0.577725158436417
1626 25913 0.569047506187049
1627 10398 0.698317998460055
1628 79762 -1.33198954463067
1629 3549 -0.826180351757019
1630 9814 -0.613131630939788
1631 23365 -1.65685505217455
1632 7407 0.8277296956276
1633 83877 0.437922579023351
1634 10099 -0.694633471942679
1635 6788 0.997368090088912
1636 6641 1.90421540313014
1637 1662 0.582017320929619
1638 1215 -0.954032218011715
1639 25876 -0.46118499722042
1640 8418 -1.28131167369746
1641 9972 0.752904306816988
1642 154141 -0.816880434135507
1643 9419 -0.524657986429055
1644 3184 -0.777668773547154
1645 9518 1.80601924850244
1646 2584 2.22273736775864
1647 3030 -0.495234893201282
1648 5924 0.5714310707057
1649 30846 1.50409009379686
1650 518 -0.643562603164307
1651 401321 0.576763635561271
1652 55198 -0.904746257560642
1653 284898 -0.600565177396184
1654 3910 0.687080525539061
1655 9103 1.76079885278318
1656 55727 -0.547092661666812
1657 150538 -1.63908184724337
1658 84282 -0.477374487025907
1659 51132 0.630606744299576
1660 94026 -0.508124224440961
1661 2072 0.581095980825392
1662 2239 0.607783252421312
1663 1521 -1.38127177576927
1664 117248 0.819113125806153
1665 143903 1.08464418408345
1666 375743 -0.526156643801468
1667 11022 0.599155151752041
1668 283316 -1.3075018122327
1669 80306 -0.467133298894007
1670 389114 -0.711021158509615
1671 1627 0.931197333771218
1672 4043 -0.620110337211567
1673 5740 1.28614123225166
1674 25791 -0.599257449613724
1675 2016 -0.849832680815826
1676 55720 0.796282144130954
1677 4722 -0.413126336327784
1678 51330 1.72520558437435
1679 6120 0.667240655510906
1680 5631 0.932568515953125
1681 9914 -0.603844724210896
1682 5333 -1.18339850549143
1683 57020 -0.692121741520991
1684 10 -0.993417703102404
1685 1152 -1.3203240152704
1686 26022 -0.973641412409124
1687 64711 -1.30527392957225
1688 41 1.17265634471114
1689 101926892 -0.723378291663319
1690 100288570 0.450025436234025
1691 7466 1.80099668509253
1692 55631 -0.685014643874188
1693 27299 -1.79119816706857
1694 84334 -0.647267296822353
1695 4089 -0.671772328780372
1696 1294 1.84469538058045
1697 8862 1.17702114602153
1698 64081 -1.41041212249475
1699 5230 0.579828837045966
1700 3620 0.92768450709651
1701 126792 0.665365163754545
1702 319085 -0.47010439761429
1703 2494 -1.12286489147581
1704 3373 1.49858482012406
1705 133522 -0.600325458701809
1706 55114 -0.441289255154437
1707 10555 -0.592227581309686
1708 4507 0.869801534120707
1709 79906 -1.39160859947897
1710 338651 -0.586851554767919
1711 2549 -0.744354763028747
1712 905 -0.409909057048809
1713 151176 1.92995754610928
1714 54880 -0.52852970332373
1715 7099 1.44928568839677
1716 1511 -1.16800200985751
1717 54918 1.38897845429765
1718 10409 0.982476065714152
1719 113612 -1.4618563893132
1720 134265 2.36992401730004
1721 11128 1.24995507558384
1722 9723 -1.62683648262761
1723 79075 -0.646763757713789
1724 100506492 -0.911487883439624
1725 27245 1.47484070207908
1726 5558 0.619362057929789
1727 7302 1.00199439739418
1728 3899 1.19003079768638
1729 79134 0.843022389667913
1730 10815 0.936378300903327
1731 7430 -0.445824698405792
1732 6510 0.714045984219043
1733 6001 -0.626059988512575
1734 411 0.472314596224258
1735 23223 1.82873068475366
1736 6884 1.2582191652409
1737 57636 1.31558562176966
1738 6397 0.63276935603443
1739 23179 -0.556198849000157
1740 55219 0.417149726958597
1741 9750 1.69667675570071
1742 50717 -0.545631274722478
1743 1660 0.816190460242056
1744 254439 -1.431165753836
1745 2956 0.896701394369195
1746 29108 -0.423025330386338
1747 80205 -0.563312751711271
1748 51026 0.51284264109845
1749 84448 1.28914428161367
1750 1444 -0.554074980099371
1751 9223 -1.54534663674407
1752 349667 1.09885424161951
1753 83862 -0.693474161590188
1754 728 1.32414547180501
1755 5919 -0.800749142415569
1756 11261 -0.543891801320401
1757 26355 -0.583983560460906
1758 2740 -0.865746970578749
1759 84294 1.12215116794192
1760 5718 0.578186980110235
1761 54490 -1.08695084517035
1762 219348 -1.3615125673528
1763 84307 -0.96034370183798
1764 5495 -0.46841561049134
1765 5747 0.517608124379661
1766 28989 0.768966439787102
1767 8202 0.505629147932101
1768 23352 0.412698792719507
1769 759 -2.82088102110252
1770 5003 -0.893304792957657
1771 1385 0.493806852033318
1772 202020 -0.607555656573376
1773 5509 0.635647562543591
1774 1871 0.554398825987638
1775 55131 0.715428852145696
1776 5066 1.02399460762946
1777 53637 1.34199363734663
1778 8886 0.656995188052656
1779 102724356 -0.716265047929397
1780 29 -0.466380958545663
1781 8614 2.35343494098783
1782 643837 0.521458645383882
1783 100128782 -0.773204136726077
1784 5783 1.03356055026666
1785 631 1.63122571190696
1786 55589 -0.535504195797904
1787 79048 -0.403055692372472
1788 23132 1.4509855495844
1789 3257 -0.683583522522493
1790 79143 0.814003850460516
1791 3993 -0.507972049401257
1792 23125 -0.50050984672275
1793 284958 1.45690660146015
1794 3087 0.709647202359083
1795 60313 -0.476352330586034
1796 23683 0.351773423634583
1797 1757 -1.04316703528577
1798 6617 0.706790505642302
1799 84266 -0.616491870201465
1800 92259 -0.38643982563598
1801 79817 -0.631038852885929
1802 54674 -0.703916214544026
1803 81932 -0.545386604604792
1804 10677 -0.693481163071578
1805 81502 0.924722003773431
1806 80115 -0.800874151257586
1807 23181 1.00630483738091
1808 282679 -1.19988090435763
1809 10083 -0.669728089338898
1810 6430 -0.513608852455539
1811 57212 -0.447314277462587
1812 129563 -0.749931628462103
1813 192668 -1.22730936291168
1814 101928846 -0.648263024896375
1815 132001 -0.596313142558736
1816 64106 -0.824991068990292
1817 5717 0.52262591412674
1818 6692 -0.71974066330097
1819 7367 -2.81517217557511
1820 23042 -0.651387524305201
1821 171023 0.900916689576524
1822 5591 0.78452278964264
1823 64231 -0.960615578765019
1824 201176 -0.599136229722621
1825 9388 0.927868315403476
1826 7037 0.698631152842133
1827 23321 -1.64549471769881
1828 286 0.805923456238674
1829 55063 0.799939546421448
1830 2180 1.20273021171043
1831 79159 -0.710184121002479
1832 137392 1.38700299795787
1833 81493 -0.683159628781503
1834 54929 1.64734349693979
1835 8649 -0.556434768051284
1836 57465 1.25180835882254
1837 340533 -1.68211076516386
1838 11346 -0.579063664357742
1839 4735 0.413900397913535
1840 9482 -0.473969504322131
1841 1969 0.712993860875967
1842 84933 0.546127147140602
1843 23423 0.479077834010258
1844 2553 0.79613385916141
1845 130589 -0.566673616361367
1846 8651 1.67837761531991
1847 9688 0.677776856288629
1848 2752 0.648526846173977
1849 4610 -0.494101959691115
1850 8543 0.807728028738882
1851 9261 0.625639964174077
1852 441024 0.735959467084353
1853 1892 -0.343399370404949
1854 10902 -0.650462016055223
1855 2935 0.580325905524052
1856 286319 -0.477150308582004
1857 254531 -0.91814810325708
1858 9618 0.695933117520207
1859 6583 -0.746502699501406
1860 201255 0.860540482357016
1861 57406 -0.50518347541465
1862 27125 0.5210751449702
1863 10525 0.56651236826985
1864 57221 0.902635077427631
1865 4698 -0.432145261947399
1866 83464 0.624820469333089
1867 3604 1.11245153057675
1868 84132 0.905651256852494
1869 200010 1.75342381089918
1870 2687 1.77118777871555
1871 5155 1.34254126826472
1872 90624 -0.508984703110151
1873 23161 -0.485758818698189
1874 6750 -2.13917983697298
1875 28966 -0.826272343328461
1876 3718 0.725078270032376
1877 10794 0.869079524011258
1878 6185 0.524640920116223
1879 9939 -0.439855502829943
1880 84971 -0.553245598740942
1881 3140 0.745409709212742
1882 23154 0.714184908233519
1883 51341 -0.40199865458378
1884 2570 0.970092159616826
1885 57332 1.69923976406518
1886 22927 1.14172962511404
1887 993 1.61941098430866
1888 23560 0.851842066992218
1889 100506286 0.961439616392966
1890 80223 -0.439887926945945
1891 55764 -0.776758552466871
1892 340168 -1.16465468939652
1893 5641 -0.660576071904204
1894 91748 -0.544274956259834
1895 51750 1.12599392513063
1896 118987 0.488796048114372
1897 445 0.654946176667
1898 6453 -0.690498945906334
1899 55904 -0.611264595462673
1900 222223 -0.901467081296524
1901 57126 -2.82095642075736
1902 57786 0.634174761513964
1903 54751 -0.591307167081641
1904 220323 -0.706798363292087
1905 26469 -0.588858521132012
1906 6402 1.50362991368761
1907 6059 0.756454974827511
1908 256691 -1.86806355531457
1909 9547 -1.56988740034223
1910 84102 -0.883723367923997
1911 4259 -0.599690605027245
1912 1609 -0.653271043542643
1913 1289 0.906415833865605
1914 7366 -2.46388718214595
1915 10981 -0.478673842010958
1916 83988 0.598816490198555
1917 4929 1.2621624190786
1918 4311 2.52897609851682
1919 8372 1.74135793331955
1920 58480 -0.962918572907631
1921 100505894 -0.781607053862674
1922 165 0.912390473422965
1923 6662 0.869381885766709
1924 961 0.436654096767796
1925 3964 -0.438551566080953
1926 202181 -0.974731861121206
1927 113026 -1.13662030181707
1928 401081 -1.63364484719635
1929 51334 1.00331335659591
1930 3268 -0.660618476461822
1931 5265 0.761570954021241
1932 63935 0.589213535831049
1933 23528 0.468730585407167
1934 7180 -1.38166941721931
1935 153830 0.871633462614047
1936 650 -0.746838317061266
1937 57701 1.10765055033169
1938 22863 -0.433189982133532
1939 7707 -0.48644580419929
1940 23639 0.465301820418692
1941 5331 -0.510889507859819
1942 83955 -0.893222540666313
1943 123591 0.785638379069119
1944 9099 -1.22363476235383
1945 9531 0.650885225954793
1946 7030 0.465513939428622
1947 23382 -1.1349816731109
1948 643529 -0.763874983539001
1949 23264 -0.594292602886203
1950 2651 -2.22985379355597
1951 30850 0.880016637147503
1952 399761 -0.805704896156303
1953 10924 -1.43299499355836
1954 51303 0.874054052394648
1955 2065 -1.15275528555301
1956 64840 0.55485940339866
1957 54443 1.28650068108699
1958 6487 -1.01815798660566
1959 84627 0.847403921578267
1960 78986 -1.145816875427
1961 55652 0.580619713085735
1962 5329 1.36045714148177
1963 9736 -0.485815342457096
1964 714 -0.7417061381146
1965 26118 -0.420327590115704
1966 1452 -0.650469610054671
1967 6713 1.07848602189258
1968 55437 -0.776044598845703
1969 8425 -1.13895564056354
1970 146556 -1.31242271695449
1971 2058 0.450734192637228
1972 6249 -0.47680778839108
1973 9470 -0.415200864673603
1974 3690 0.566071646639211
1975 51776 1.14003376490066
1976 11213 0.866444439720714
1977 84898 -0.650461076258495
1978 10130 0.456958960596623
1979 5257 -0.401632316361951
1980 27074 1.14779470732116
1981 23326 -1.15152368949409
1982 11057 0.767713815453751
1983 373863 -0.539198800695406
1984 654466 0.911853031308387
1985 113251 0.682784217996694
1986 3045 0.78643212713543
1987 22949 -0.605919122900019
1988 10419 0.824626748839975
1989 133 1.12521761063402
1990 11335 0.770926647854166
1991 80380 -0.761876771633933
1992 85451 -0.775174922016393
1993 157570 -0.735410308677418
1994 5825 -0.518982037149053
1995 10152 0.385204433690109
1996 344558 0.689945161649321
1997 2981 -3.37184833003267
1998 4838 1.08326313133628
1999 966 0.549467027663314
2000 1470 1.12537570437292
2001 11319 0.36263249455631
2002 23317 1.33785071766768
2003 84890 0.512656054750682
2004 6947 1.95062057311019
2005 10393 0.569052595918166
2006 11245 0.841072836080697
2007 9255 0.41934261673107
2008 1845 0.499817210912855
2009 58477 0.524869296278782
2010 5727 -0.740136975229619
2011 85407 1.64702873296644
2012 10069 0.684092874684782
2013 151613 -0.597053974391075
2014 64343 0.464626511305807
2015 347273 1.58340140899999
2016 3309 0.401557344213147
2017 1687 0.827300860026626
2018 285590 0.786537454091295
2019 105379426 -1.56375156764268
2020 3211 -1.07322202103646
2021 26091 0.60555614627463
2022 25966 0.487430326493127
2023 202915 -0.567613085602243
2024 1820 0.728006209421798
2025 56917 1.27330821360048
2026 11031 0.792408669888866
2027 8560 0.514644808987137
2028 23098 -0.669130196441571
2029 8833 0.753777536215603
2030 23532 1.5980060419857
2031 10772 0.599372845376539
2032 10265 1.42917245613617
2033 56269 1.19364328210841
2034 55971 0.746445061305872
2035 2063 -0.566613198459626
2036 23208 0.371423626498622
2037 4905 -0.635760311926592
2038 9556 -0.567539735222539
2039 29071 0.398115926176198
2040 51552 -0.425726951054328
2041 8013 1.63448623701317
2042 2649 -0.520851340247915
2043 1524 1.09308260622154
2044 84343 0.754898228370013
2045 8607 0.9648268526511
2046 80034 -1.62060932051187
2047 4795 1.0479827571417
2048 9060 -0.993741821514773
2049 80117 -1.60581827710605
2050 25807 -0.441870652044623
2051 140462 1.14907457297507
2052 24149 0.777907348280824
2053 10495 0.672267106732583
2054 83660 -0.830220263767288
2055 347404 -0.893693990783273
2056 57214 2.9232900267002
2057 3707 0.578287868682906
2058 57863 -1.17713749480868
2059 261726 -0.40286121530214
2060 84658 1.67562959429639
2061 116092 1.2016146509565
2062 4319 2.77304215274296
2063 83723 -0.796568183790872
2064 57103 0.488118965491651
2065 9422 -0.611044392569397
2066 391712 -0.533500342669307
2067 28960 0.499449333285432
2068 260293 1.84176778752665
2069 23236 1.16047846025297