1 27164 0.749413050482374
2 7697 -0.833768990746375
3 126272 -1.53440242891667
4 23293 0.519052589669982
5 55027 -0.618447412209993
6 54558 -0.73449256273561
7 3925 -0.970570291550708
8 90871 -0.67774154944109
9 11079 -0.852651734313521
10 56986 -0.784285529360815
11 56898 0.794227347639307
12 10228 -0.691905488771005
13 11214 0.627694549945047
14 10220 0.892147677884195
15 659 -1.46257765244384
16 10693 -0.441115539835347
17 9631 -0.662193381365843
18 7639 -0.420306142717217
19 10076 0.546326195223269
20 3151 -0.952000231713102
21 1687 -1.16430751626995
22 7673 -1.12995440267424
23 51255 -0.505438714241179
24 58526 0.885967579546725
25 112939 0.638064455989368
26 78992 0.802029705273379
27 57561 -0.950547365242584
28 4771 0.682798106937879
29 4782 0.69417328260633
30 51123 -0.721284552412661
31 129450 -0.463125370458044
32 57650 -0.740259695521169
33 5862 -1.96662787009337
34 4126 -0.754940698523054
35 51157 0.873089336924991
36 7574 -1.02340516380023
37 9698 -1.24583722889116
38 7766 -0.823359574650964
39 84944 -1.05809894661564
40 51263 -0.805891034606987
41 1837 -1.3973766851873
42 1857 0.479863732058917
43 54458 -0.552723515281935
44 55156 -0.789379798433811
45 8110 0.805111321286364
46 5935 -1.3666750206704
47 79960 -1.19946942903204
48 26061 -1.21539534633259
49 79930 1.14437545564722
50 23065 -0.626974409273561
51 3183 -1.13302159540011
52 8975 -0.701046142332806
53 64344 0.983071465489238
54 79145 -0.964960155215304
55 10657 -1.24601020073684
56 23513 0.757768026556451
57 6750 -1.95125983640535
58 78991 -1.42869500881073
59 317762 0.824713776047087
60 2673 -1.31530757226813
61 11083 -0.649843015790745
62 22839 0.499733784263344
63 8498 0.477483984844783
64 10135 -0.962235427853729
65 10308 -1.2821167555585
66 10469 0.575039322016774
67 90378 0.600659341072849
68 4150 0.888588222469321
69 116224 -0.679772341490557
70 6169 0.754285775470147
71 84131 -0.850984162925317
72 84312 -1.08262025135912
73 27086 -0.971888320557193
74 7644 -1.40596625735795
75 2517 -1.07228288846335
76 57570 -1.00730203010808
77 889 -1.01394090861405
78 7942 1.04556240544269
79 64343 -0.704799196201644
80 57486 -0.664445974979803
81 63934 -1.08285620012828
82 6138 -1.14469530117372
83 55005 -0.958278079626182
84 23627 0.322982843879839
85 9640 0.671301302927854
86 283507 -0.944880082502264
87 1958 -1.42776656717251
88 132946 -0.734146514980655
89 653308 -1.49164381624398
90 1153 -1.26874468445286
91 84912 -1.03980530906375
92 79634 -1.4040898340389
93 7175 -1.05993938429163
94 123016 -1.26955056141653
95 6526 1.29973041010368
96 55706 -0.864532627870366
97 55749 -0.716495399513917
98 55216 -0.980547248638218
99 5281 -0.567623197434904
100 7461 0.921949562213301
101 55567 0.642024432264058
102 644 -0.934338847356921
103 753 -0.868380485181794
104 9802 -0.574754156249698
105 112479 -1.06552984765587
106 55095 0.530356480285523
107 116461 -1.15915047429709
108 25917 -1.20125409553231
109 7750 -0.777122237069105
110 3396 -0.770991324560678
111 1107 0.548917412837649
112 55070 -0.940517756316558
113 100996583 0.334874369228248
114 26119 0.451851395491002
115 51056 -1.09033580024097
116 54531 0.647075726905948
117 3843 -1.02534735736694
118 85460 -0.552546255181773
119 10393 -0.997333426461463
120 22846 0.714576565911433
121 11022 -0.571916984698141
122 201229 -0.890320322248678
123 2068 0.424917176692035
124 22836 0.647498244254944
125 80185 -1.00345656851702
126 8526 -1.1853131863603
127 3727 0.695510347103687
128 3625 0.934195081891238
129 23122 -0.976576560879346
130 10634 0.739115798431444
131 29937 0.535302495818714
132 10465 -1.10480549588392
133 3149 -0.798771209342405
134 115948 0.621905952179671
135 51663 1.08982123754544
136 23059 -0.828279112195204
137 28991 -0.474647254989975
138 57584 0.873339113340041
139 8541 0.451155710641664
140 84309 0.48903125327004
141 51111 -1.09101563643276
142 83637 0.691540871944865
143 5999 -1.32240865580335
144 7030 0.361162979992793
145 123207 -1.32085341752452
146 4983 0.572806808666517
147 284018 -0.723482433052771
148 79009 -1.23074309164105
149 9487 -1.12626312832424
150 123811 -0.749119803708064
151 9337 -0.773239790775451
152 51616 -1.00766497234314
153 28232 0.828976305334322
154 26523 0.787989047351983
155 1975 -0.91357688383497
156 201283 -0.823905494936477
157 10724 -1.39625521820904
158 9587 -0.933220991127727
159 9706 0.444630962855443
160 23305 -1.26154639413462
161 64147 -0.534250931860156
162 1186 0.587642175787701
163 114926 -1.28432921251241
164 54826 -0.861249635676736
165 50488 0.704931682179322
166 81691 -0.59287970521985
167 429 0.519540148766077
168 26258 -0.666696322029825
169 64145 -0.786284571404694
170 51552 -0.774419821632814
171 1302 0.576309635930198
172 408 0.677388857415366
173 55014 -1.13504145038564
174 3321 -0.693293714324041
175 64860 -1.01864968342211
176 55132 -1.04843927323834
177 4060 0.374373841457663
178 6902 -0.60908497823357
179 8624 -1.66488119716744
180 81611 -0.733229486510425
181 55250 -0.4923121980938
182 56647 -1.32313857653929
183 4208 -0.805937423740313
184 100506215 -0.552530067726119
185 399948 0.547393733081318
186 83941 -0.704024396995937
187 9001 0.521107140623986
188 25978 -1.26067933081124
189 11034 -0.959929461303417
190 5829 0.774036797419
191 27152 -0.835746011007971
192 114791 -0.94872063945637
193 79791 0.600885109912588
194 9844 -1.05354926072014
195 1452 -0.671129762468325
196 23077 -0.769075432718452
197 989 -1.27743681803479
198 7556 -0.63998786519555
199 10069 -1.23385250531062
200 201895 -0.825758842405481
201 5717 -1.02411178892512
202 285 1.06373849865128
203 5101 -0.915201161625536
204 286204 0.815103316652783
205 60491 -1.41060910439105
206 51299 -1.60430819260532
207 134359 -0.898342932941279
208 108 -0.757465627364855
209 6519 -1.32554635259823
210 79770 -0.988662776027602
211 9657 -0.830083884506239
212 260425 -0.763463617579258
213 57580 0.80948798690041
214 5238 -0.693783309240782
215 63027 0.419169963235245
216 441094 -1.25720803867196
217 7803 -1.23322014375198
218 6627 -0.910133642664271
219 220988 -0.618543101904118
220 887 -0.923819928498109
221 339451 0.727037440668685
222 51118 -0.86318269800191
223 9094 0.472604018871516
224 9266 0.603812052638357
225 80312 -0.626197716717236
226 114907 -1.07941226423331
227 57731 0.53839663940031
228 54463 -1.15399822868395
229 57559 -1.30020806543754
230 9277 -0.585135690441641
231 84319 -0.929539997734746
232 9371 -0.734457966901445
233 56341 -1.20604170842137
234 8543 -1.30607703503589
235 1491 -0.940473183743452
236 27440 -0.647687341797287
237 8874 -1.55558125394102
238 8988 -0.526575380418647
239 10160 -0.715408786606305
240 1855 0.496608040015276
241 22926 -1.04140910662417
242 4893 -0.547129205699255
243 84901 -0.425101715727238
244 27248 -1.18772805710097
245 2256 0.607887251998638
246 116988 0.482379152348762
247 4536 0.600953761486862
248 56904 0.464852239803226
249 84324 -0.862199555574435
250 84628 0.616059941573987
251 2557 -1.97453434358203
252 283663 0.956487651894664
253 10922 0.43273719600125
254 283431 0.603485840873248
255 10632 -1.03624250952262
256 7423 0.651214232220119
257 1534 0.372952729748617
258 5813 0.60415476628467
259 9517 -0.801886283251711
260 10320 0.539891611254503
261 10801 0.46820015149147
262 55746 -1.16996480473918
263 400949 0.922212804864449
264 9443 -1.12445352004471
265 10612 0.394037200416993
266 134510 -1.40318577705836
267 49854 -0.942677858183156
268 1408 -0.594460617994991
269 10237 -1.11762919607156
270 9145 0.623563460985359
271 199692 -1.18179898727398
272 140461 -0.64442990987048
273 5538 -1.13373605855728
274 51304 -0.804276589812286
275 54876 -0.877547048243134
276 793 -1.75832759848203
277 9913 -1.08265165922545
278 146542 0.723132454123742
279 9696 0.459421731745084
280 84945 -1.02453855999083
281 3476 -0.640090968916642
282 5524 0.459983450454804
283 55149 -1.50421969423448
284 29079 -0.955766717985241
285 9063 -0.640572943152397
286 137682 -1.22653761008236
287 23506 -0.671620681750837
288 1936 1.13059005244596
289 4171 -0.501970948999177
290 9474 -1.2174907470422
291 9774 -1.1228338608597
292 30819 0.314183891082774
293 84303 -0.767971177724642
294 7322 -0.730779174323961
295 3707 1.36017123257708
296 202052 -0.377634322673078
297 83861 -0.643225217629126
298 5686 -1.18106900357449
299 23052 -1.21280989122678
300 3614 0.518523472487507
301 5860 0.483172056107936
302 112942 -1.26671875632728
303 51390 -0.962655231952061
304 401237 -0.524955209209208
305 7773 -0.580410770874843
306 2069 0.214336758521796
307 83732 -0.913265436648859
308 57523 0.412240511036618
309 83943 -0.543390694236283
310 7332 -1.1227091159019
311 11138 -0.644004518619346
312 55812 -1.42254588163165
313 132 -0.443787490960741
314 1455 0.539170204953955
315 22985 0.636574705594587
316 7534 -1.06262208991365
317 823 0.348370214353428
318 23030 0.494526814446189
319 51386 -0.462510938964188
320 5189 -0.939401133118177
321 205 0.996046973184562
322 23433 0.821851259164138
323 26205 0.39472020500731
324 93611 0.522737234242165
325 5600 0.655360530413095
326 94101 -1.28636652859715
327 81689 -0.85994241049617
328 26273 -0.593517931000309
329 10491 -0.411138695620809
330 55761 -0.729220039139641
331 400 -0.680810672294095
332 51290 -0.930050322409921
333 204962 -1.68127104978988
334 389895 -0.69173995551037
335 10971 -0.792326507380851
336 10884 -1.3065819308625
337 55565 0.259196407045784
338 79667 0.635989102660532
339 54757 0.324002920256977
340 2794 -1.1292364531647
341 4345 -1.75761613217943
342 51510 -1.43837085018521
343 7067 0.789559614462465
344 54499 -0.449647646383006
345 55676 0.315591518067451
346 22890 0.372788031330259
347 101929681 0.466358129574188
348 29126 -0.811771967513538
349 10426 -1.12131725638125
350 338799 0.444708647448086
351 415056 0.29279739154493
352 55486 -0.617125323959669
353 55006 -1.30433022415902
354 5595 0.411666860151464
355 55056 -0.784820135173579
356 9941 -1.01750866337944
357 83690 -1.19171871638408
358 28982 -1.07622537197692
359 219333 0.425627236582524
360 203228 -1.38440271012658
361 1404 -0.523926137697688
362 23381 0.496739141865425
363 7840 -1.08274676336672
364 92140 -0.728313520781535
365 25813 -0.998823961966849
366 83638 0.391624357109833
367 10009 0.238982937935619
368 51138 -1.5287979324053
369 92521 -0.83770938675085
370 29883 -0.815027762711866
371 54940 -1.39569301907166
372 29789 -1.28336119017749
373 143187 1.05537878142805
374 221981 -1.60434423942608
375 51248 -0.77010738009613
376 55105 -0.610500482938847
377 23033 -0.782455429846976
378 4487 1.36618949301759
379 29982 -0.913289845673378
380 64216 -1.1233398961663
381 2897 -0.837593081705331
382 90529 -0.910295605402895
383 200407 -1.69209777997122
384 9765 -0.834390319746976
385 9120 -1.46125431998585
386 8930 -1.18098986818986
387 9369 -1.59574592605864
388 875 0.533929155543327
389 91548 0.436513686535015
390 1353 -0.870645393120331
391 56896 0.440028111210964
392 63895 0.746911483856584
393 51082 -0.880977391866695
394 51018 -1.0296347591017
395 54033 -0.638195592626387
396 7871 -0.689458066131891
397 54995 -1.13471963199268
398 219749 -1.50980732898958
399 6478 -0.627813730825286
400 100996724 0.483635015117015
401 221264 0.427781035475313
402 143279 -0.999670890129004
403 11133 0.5342174284717
404 3712 -0.538858016922757
405 57524 0.663408285729412
406 8453 -1.00440491786081
407 64418 -0.728231442765186
408 24140 -0.768020250371072
409 9666 -1.05943832430438
410 22823 -0.633591001654168
411 6863 -2.27552662617423
412 80055 -1.16969333271675
413 6717 -0.827443827052408
414 23328 0.877343789574779
415 148545 0.255470533251902
416 55699 -0.766788430701974
417 28969 -0.742594101269035
418 338692 1.06163124958094
419 79053 -0.872376295568048
420 79085 0.620367148204926
421 153328 0.978113414751122
422 2181 -0.87494423552244
423 10131 -0.698382140631026
424 27245 0.548267140308551
425 27042 -0.75708381083088
426 79135 -1.45904293378921
427 55892 -0.771052439279874
428 79567 0.311533082554762
429 9093 -0.618798152183089
430 283237 -0.858133027842242
431 144108 -0.710981448841153
432 27346 -0.94741241231086
433 8501 0.410164659074802
434 3705 0.473373020987312
435 729438 0.498507524917946
436 93974 -0.801302586280267
437 7321 -1.05702539698541
438 6119 -0.887467513672318
439 10735 -0.510865669094585
440 4043 -0.908898008682752
441 388336 0.388676305149429
442 22899 0.560159728854353
443 23590 -0.77564371798336
444 64651 0.786360140034097
445 51134 -0.520980509035475
446 10436 -0.63835879120118
447 6772 -0.964053486387317
448 54953 -0.538796996887793
449 51057 -0.447758928353259
450 1462 0.870301955572437
451 2200 -0.58064431784917
452 54987 -0.795379319566385
453 123096 0.659029927381318
454 130026 -0.634205322350922
455 3054 0.609625547676566
456 55701 1.09645104420147
457 92154 0.75716772248752
458 23043 -1.33845800036008
459 22870 0.507040566813037
460 84064 -0.642105356663988
461 5372 -0.767430624160713
462 6428 -0.848463997733991
463 10286 -1.28924427020146
464 427 -0.913184583695182
465 7586 -1.38661040928237
466 57679 -0.75431966236404
467 158798 0.227743014031436
468 80317 -0.474746476083534
469 3382 -0.695091688524964
470 55745 -1.0846269034192
471 92105 0.231511945186561
472 51101 -0.729129927181937
473 4862 0.496060258828798
474 6000 -0.959701756035136
475 128387 -0.951798830515703
476 22849 0.59859533679246
477 11100 0.323003235939267
478 8928 0.623100727267971
479 7559 -0.934502591985638
480 83591 -0.469767249210251
481 158293 0.486544848059822
482 9937 -0.56198999766197
483 51729 -0.789396777098227
484 22902 -0.788300839263222
485 51490 0.629964036885368
486 3356 -0.908735147013919
487 51496 -0.942379212110572
488 55353 -0.681385274498332
489 54853 0.526694899302776
490 84450 -1.09186504296365
491 55744 -1.05632351646072
492 26268 -0.812411669610573
493 85019 0.732082278712276
494 55279 -0.728186563040914
495 149371 -1.73345062974234
496 3693 0.323079772430096
497 8099 0.63490569386722
498 26520 -0.850534312841783
499 4508 0.788813972814376
500 84231 0.456145357587703
501 9236 -0.576190540647553
502 117178 -1.52690268444953
503 286336 0.436336708033856
504 7227 0.638756088874718
505 55664 -0.889065678446513
506 10190 -1.18510229500989
507 9678 -1.01933950414446
508 23398 -1.00954255132094
509 10923 -0.549678827618698
510 157680 -0.983289929385649
511 55763 -1.35505203559712
512 55540 1.05199649027798
513 3421 -1.13002958285197
514 79656 -0.869058159649309
515 4711 -1.14112519263949
516 7323 -0.668139901058987
517 728568 -0.838444352554912
518 4107 0.244131729939979
519 80336 0.503749365661596
520 65125 0.878780172366133
521 54878 -1.02100862573202
522 100129195 0.422862266695827
523 116 -1.0205603695074
524 84245 0.532064972735482
525 283373 0.524093874780499
526 27072 -0.691647226293088
527 83877 -1.05369067698336
528 5279 -0.721633178852997
529 374986 -1.21610870113965
530 79896 -0.767736764817632
531 4976 -1.50519204984088
532 26060 -0.868202049972997
533 5828 0.715505502689951
534 57221 -0.893421699935537
535 58490 -0.476638241855993
536 9550 -0.589237164037899
537 23321 -0.430073940076762
538 7991 -0.911614166583979
539 7168 -1.21867369562879
540 55239 -0.589268238825355
541 26097 -0.866848168319565
542 1770 -1.23479512990815
543 205327 -0.934474148427808
544 80762 -1.22195052259633
545 26277 -0.59706372903886
546 5810 -0.699525002702893
547 81533 -1.43829264016836
548 25820 -0.729344354581881
549 4513 0.652194786013693
550 55776 -0.602493514690181
551 1435 0.635301255556858
552 101927420 -0.491009961921963
553 2235 -0.67624801015185
554 84365 -0.819948498381695
555 8499 -1.10712942688057
556 506 -1.3654421256973
557 2110 -0.753748255918102
558 9389 0.440643936900293
559 10749 0.705963827304791
560 4774 0.80163111547914
561 131965 -0.489686287386075
562 7392 0.532221372234785
563 118427 -1.29896134876466
564 91404 -0.673893156386255
565 3842 0.756347761882168
566 54801 -1.13906438512601
567 399947 -1.82019600661547
568 79810 -1.30255472341481
569 9158 -1.05010137486158
570 5567 -0.82443363917056
571 9689 -0.792723348836676
572 81688 -0.563600572344231
573 5108 -0.836952144405623
574 8894 -0.833575948928789
575 7432 -1.08729657394726
576 92106 -0.714401666135015
577 56666 0.391580265049349
578 138240 0.294085725033521
579 195814 -1.06614304710946
580 23595 -0.827556709705172
581 55311 0.723768637908335
582 1213 -0.975462278459899
583 84172 -0.341160969510132
584 7071 -0.673931612551617
585 128338 -0.833029465966006
586 10576 -1.07863215246751
587 2958 -0.613779175504583
588 118 0.557677587392693
589 11180 0.503592354353225
590 85465 -1.13797315842156
591 79672 -0.699367894758912
592 4037 0.614523325419123
593 9589 -0.954541105101963
594 10914 -0.974569496203614
595 4698 -1.30057092893468
596 5378 -1.06896793096419
597 100499177 -1.48093077216918
598 2547 -0.970458028849318
599 79673 -0.883886953313457
600 83608 -0.843687476928237
601 27436 -0.534219430335023
602 1203 -0.451386341497302
603 64167 0.205768364934775
604 168741 0.218211589835128
605 88745 -0.769221780306051
606 124997 0.502830008075303
607 8664 -1.25665630084327
608 51691 -0.749148750434937
609 91408 -1.06383778420432
610 58477 -0.811114383601645
611 91039 0.744578704672321
612 57634 1.08395306195499
613 7337 -0.888219001637444
614 115704 0.493704057453476
615 11235 -1.08443238627376
616 6901 0.367936800935197
617 10618 -1.0996782765584
618 657 0.729053618192315
619 83988 -1.58097131771341
620 5601 -0.586509922601273
621 10443 -1.18579355380022
622 23233 -0.662870105567529
623 801 -1.23010978546962
624 89797 0.686688962846288
625 5071 0.308185771420565
626 60488 -0.799964891384706
627 5873 0.586767927629193
628 151613 -1.28683725125336
629 56938 -0.587440948022292
630 254263 0.49482523840954
631 79718 -0.565390752458926
632 6715 -0.330138470763092
633 30815 0.606372509909824
634 170506 -1.05808831754058
635 55831 -1.15319891105239
636 153768 -0.691147723703761
637 23507 -1.61646007579492
638 8034 0.81018611475079
639 283358 0.436179510781405
640 84916 -0.921559224291352
641 1846 -0.987213212791026
642 7581 0.423543386133209
643 8242 0.408255682028538
644 6879 -1.49935233437922
645 56954 -0.805204826759248
646 3609 -1.13391249873096
647 55325 -1.19552557238557
648 25983 0.313924967408369
649 5706 -1.33687494469924
650 79796 -0.947763608955364
651 11130 -1.19279403494852
652 3766 0.952387153159727
653 84919 -0.996094261760612
654 80310 -0.709507323051369
655 829 -0.731183989827661
656 6511 -1.4508906911277
657 1445 0.529071934025326
658 122416 0.836300856360761
659 253635 -0.75551471289007
660 150946 1.05972923404085
661 55622 -0.747023120299314
662 10121 -0.916002551771888
663 26099 0.846012069559349
664 339290 -0.529879715447558
665 285193 -0.96493436323474
666 84698 -1.25603182725435
667 1840 0.413049165136572
668 51230 -0.833698087241592
669 63979 -1.23645960254542
670 7024 -0.67521834009256
671 4651 1.10806891184657
672 51527 -1.1052117181276
673 25817 0.50971081107834
674 54093 -0.918263462118077
675 8434 0.426157915210847
676 100505996 -1.04139648562336
677 988 0.532598523066915
678 11321 -0.799556827386393
679 80063 -0.855377702154501
680 1528 -0.61553162491555
681 7580 -0.703250988364695
682 7336 -1.28717581196127
683 2534 0.379722374988575
684 328 -1.15105560632669
685 2969 0.238179052889093
686 3268 0.598650715095914
687 6117 -0.969011850095141
688 2334 -0.785425352355576
689 25875 -1.3279026405671
690 10658 -0.403658078278297
691 56181 -0.753975559142168
692 7091 0.865297658981563
693 28986 -0.81150611706576
694 3376 -1.24532119036818
695 57415 -1.05673183023137
696 29102 -0.67095041582323
697 2287 -0.705879264019712
698 55643 0.308814486599051
699 27004 0.318051372564942
700 285521 -0.706226992480378
701 51136 -0.842549686567631
702 440104 0.375165143276779
703 84220 0.470719411480234
704 3240 0.624437147885357
705 25901 -1.1066830646223
706 6809 0.310647621187571
707 7718 -0.392682181145311
708 55322 -1.0560942805998
709 64150 0.5779113948141
710 64789 -0.552953833063768
711 23517 -1.06423429470043
712 55660 -0.803680723501402
713 10056 -0.735537723494623
714 55785 0.186091160811153
715 89890 -1.44032658886006
716 23524 0.792703319059493
717 728927 -0.845433330057322
718 2237 -0.53691809987055
719 84878 0.366325280943321
720 23286 0.654517069584267
721 283742 -1.33936525377783
722 2274 -1.05193874271721
723 10425 -0.965570926015427
724 79956 -1.15442176536511
725 5897 0.232093672602852
726 1869 0.485978513227836
727 84313 -0.715560016330613
728 5230 -1.14765532769844
729 84441 1.0680342792294
730 55556 -0.617191637915965
731 1750 -0.419706630566879
732 135295 -0.565144876127002
733 347404 -1.00470140279602
734 1984 0.296014580692032
735 51185 -0.699214864826613
736 7626 -0.627321595539481
737 23022 0.800778104928989
738 79691 -0.518727038405618
739 56261 -1.15012672819441
740 56984 -0.940882211628124
741 171017 0.450415687420404
742 10466 -0.666265771428954
743 51534 -0.944844511166528
744 54537 -0.488585889759481
745 117247 -0.4690377703381
746 23322 -1.06494324729332
747 9962 -0.720329545131471
748 51491 0.446991186626206
749 148 0.332586729727916
750 147463 -1.04545083598811
751 541578 -1.10525466294995
752 84891 0.419085006102639
753 51626 -1.36953805357467
754 7707 -1.03225934906127
755 9858 0.557617169772652
756 55780 -0.611653721924873
757 54765 -0.735489566228717
758 8546 -0.408095582092603
759 53615 0.60680131959408
760 57407 -1.0945044684004
761 65084 -1.09915303905614
762 10106 0.571280885776875
763 90673 -0.780096039332077
764 56776 -0.783001131915878
765 1608 1.05009345414635
766 5983 -0.835854086359566
767 7561 -1.02797946154098
768 55662 -0.917162111913683
769 8766 -1.50952576447126
770 10920 -0.909821102106448
771 55012 -0.993785133493272
772 9575 -1.23018372535188
773 8754 -0.427978437353738
774 23157 -1.21843937577986
775 30001 -0.993030516765897
776 23208 -0.512155796153598
777 51668 -0.91121159702738
778 23215 1.03286363487026
779 57381 0.546203320932228
780 84186 -0.741906160368354
781 130502 -0.910405108639774
782 51209 -0.685906567334524
783 3652 -0.378070858192302
784 90246 0.354780156078938
785 80028 0.635186108022643
786 171568 0.595956642197758
787 5321 -0.589398394613218
788 51631 -0.778950299993972
789 10916 -0.991086989650171
790 137392 -1.18702075573812
791 23705 1.05994671248393
792 143872 0.408163870965566
793 51455 -1.2859738782723
794 55544 0.575691914959169
795 5203 -0.65381356432783
796 327 -0.821332378596862
797 55502 0.354489866801891
798 136371 0.492391023740901
799 84078 -0.989044664913121
800 9401 0.477448335444747
801 10146 0.468437283300466
802 310 -0.937935480147393
803 4853 0.801333191683069
804 54861 -0.91488114763287
805 5994 -0.740143030483156
806 57150 -0.918327804970505
807 8661 -0.821976574057556
808 9949 -1.15916613147469
809 4012 -1.01514070180511
810 5504 -0.941366758820124
811 55349 0.64361985764362
812 1911 -0.863812740083897
813 9270 -1.28226835516002
814 26355 -1.22382404649861
815 79068 -0.661200364082559
816 1478 -0.436690750047797
817 5252 0.490781811886411
818 23324 -0.754469998595487
819 9863 -0.674161266592616
820 285381 -0.454952664089408
821 2002 0.555646276577703
822 9175 -0.78451702031999
823 79644 -0.864098182400635
824 60685 0.414463262516008
825 64421 -0.707369254350215
826 51110 -1.03726174250855
827 5563 -1.14477885018584
828 4499 1.16120351545721
829 221749 1.050636080439
830 285282 -0.563240283370264
831 23158 -2.11233089003892
832 8848 -0.540377578076486
833 79659 -0.995008522432297
834 23197 -0.499116393289655
835 100289410 -0.343988695803777
836 284424 -0.934560127631547
837 285148 -0.828614601925495
838 81555 -1.22117389774637
839 157574 -0.92718414554293
840 6327 -1.89187511207445
841 81889 -1.44225314202387
842 5797 -0.57240082196595
843 57470 -0.814105338004255
844 27296 0.262377732309523
845 100133036 0.397352729926788
846 55798 -0.609401144278612
847 51340 -1.28390356683355
848 6194 0.686334273005173
849 5834 -0.595428426645912
850 9026 0.745593696133933
851 285440 -0.582841071529261
852 51227 -1.00095351659363
853 56993 -0.711191582881487
854 11266 -0.696056079356405
855 10989 -1.06271851329163
856 26128 -1.35061619622987
857 51659 0.28122828445258
858 10381 -0.981500735372917
859 219539 -1.25721121467924
860 10980 -1.00952020708835
861 221895 -1.37427811593237
862 84335 0.302736099804252
863 140710 0.400290042575106
864 56977 -0.756285370197086
865 100287482 -0.938696857456974
866 3077 0.230340317287342
867 6016 -0.828297737463958
868 51588 0.54046124862842
869 134728 -0.641893855452886
870 687 -1.08743219517203
871 114799 -0.788185341863445
872 55173 -1.04743144629815
873 55900 -0.782777611219707
874 100506680 0.260340624733624
875 3654 0.498815875689298
876 48 -0.716023145515458
877 4899 0.372572907853843
878 7494 -0.511118133936408
879 103352670 0.195720829418338
880 63929 -0.603745102222912
881 4716 -1.03746652671558
882 5179 -1.99764417740913
883 10128 -1.14739688622607
884 2218 -0.700746594069869
885 51433 -1.31613038041585
886 90417 -0.622946424311169
887 1995 0.587448732859944
888 10480 -0.767729073093769
889 221294 -1.1217984492864
890 5494 -0.865583221197046
891 4869 -0.726455725209576
892 54014 -1.50466681418715
893 56339 -0.993219564441489
894 56521 -0.531330323758889
895 51428 -0.811167171661881
896 6597 -0.769216073278911
897 57569 -1.00621039235322
898 78999 0.595845815717745
899 203068 -1.12872611657115
900 64754 -1.07209469299554
901 253559 -1.07210140326632
902 28976 -0.478280473958908
903 23633 -1.10157621563571
904 1270 0.398933421452832
905 51060 -0.617327327840123
906 55845 -0.451732599803074
907 10950 -0.694833511005166
908 387921 -0.897062438847981
909 133121 -0.387091129861572
910 100132352 -0.702681118357348
911 2071 -0.959038451345277
912 2852 1.11766071829371
913 1716 -0.534124387712689
914 84306 -0.549944535369901
915 4215 0.45386327614829
916 25843 -1.02204354997575
917 100506012 -0.620471091747994
918 6423 0.383469518133982
919 23219 -0.96916836885067
920 4358 -0.772121781557605
921 55669 -1.21584068534784
922 1400 -0.576529089640916
923 23245 0.268031132238412
924 10778 -0.865837206410242
925 7385 -1.22273114109438
926 8835 -0.637881496852763
927 150538 -0.694507696348737
928 4538 0.346403691294512
929 49855 -0.886231536311965
930 64773 0.34679089791612
931 2670 1.23731651500621
932 4233 -1.77431281321363
933 55421 0.410612649197329
934 10000 -0.872422842458956
935 55061 -0.623932135263999
936 84890 -1.07908665416319
937 2778 0.449441710736211
938 51239 -0.84812477446389
939 439938 -0.75788001522432
940 119 -0.472324876926692
941 3157 -1.03160214238557
942 51097 -0.831771650425241
943 54329 -1.13521166114902
944 23283 -1.20819955404279
945 84896 -1.07086020144151
946 7417 -0.819168816030687
947 291 -1.13853816473529
948 645212 -0.726427050699025
949 54964 -0.494162121734313
950 79762 -1.15014466869986
951 6663 0.423415706724302
952 64081 -0.604715810018837
953 3094 -0.907456907425219
954 4139 -0.736726041125062
955 54982 0.464187743162365
956 7716 0.594840066221145
957 55041 -1.23344945057582
958 7529 -1.30590338227626
959 4921 0.896222227383833
960 10723 0.862184756461382
961 9646 -1.03688921255063
962 84816 -1.22481161660549
963 400657 -0.871990830079337
964 51341 0.536285055767696
965 55269 -1.00932793815942
966 2530 -0.626909737906379
967 9184 -0.874353515103766
968 5967 0.374720382525167
969 28985 -1.43121996541286
970 54877 0.437053180339184
971 54879 -0.450807803691031
972 9344 0.4063643687579
973 23060 0.300881551543852
974 5711 0.257905910480087
975 64801 -1.01935350151548
976 51360 -1.4087116313612
977 65056 -0.770746005504376
978 553115 -0.840188222733338
979 100506898 -0.340814694532729
980 5110 -0.957869643735858
981 163033 0.491792035558189
982 5899 -0.748576841651983
983 51011 -0.730861779701952
984 8678 -0.985736477952541
985 25963 -0.826842603691346
986 80346 0.388279193236201
987 101927709 0.206310301026807
988 222236 -0.792782905599477
989 26248 0.248524454896926
990 85013 -0.870675110905745
991 54386 -1.02084898858103
992 5876 -0.907897618728668
993 51088 0.724052900465478
994 6453 0.664039642543607
995 23256 -0.812746878730708
996 127018 -0.836044397670825
997 4793 0.536885592888432
998 50807 -0.597936247921281
999 9289 0.811374905597669
1000 389073 -1.46054105443509
1001 752 0.41527549134531
1002 51256 -1.32075563544398
1003 55958 -0.731781400776748
1004 27163 -0.698608979337387
1005 219 0.381709023235841
1006 10728 -0.928989386980083
1007 5707 -0.768785484054119
1008 2210 -0.54103347365446
1009 84417 -0.779870095371616
1010 126068 -0.506755323765887
1011 151742 -1.26969870613279
1012 5550 -1.14557955141827
1013 116151 -0.464000681684744
1014 23163 0.566284225753485
1015 160851 -0.644495528323751
1016 11137 -0.712994319870662
1017 6921 -0.82734901563216
1018 124454 -0.460436464056923
1019 3507 0.338160858419366
1020 5664 -0.636638844073803
1021 84253 -0.799221683685872
1022 1663 0.522531397086096
1023 950 -0.660493336368175
1024 56651 0.24791796271034
1025 55127 -0.809341255958278
1026 4683 -0.95635674092659
1027 283209 -1.05858643855188
1028 54843 -1.39399908781417
1029 30011 -0.796022177449783
1030 7627 -0.630215788348955
1031 8195 -1.26208526271558
1032 667 0.222413021208294
1033 10424 -0.683131882765379
1034 27303 -0.610375461627991
1035 9527 -0.561653582763652
1036 9686 0.475296587841555
1037 10945 0.373433356234962
1038 65059 -1.04028035456851
1039 5322 0.542569371718995
1040 23080 0.193104285848241
1041 23034 1.10428126997977
1042 57711 -1.2343671660159
1043 23438 -0.686449979646687
1044 26054 -0.641499208772596
1045 5316 0.540483149885737
1046 85453 -1.25466870182189
1047 23325 -0.445113233814786
1048 5723 0.336469918999249
1049 80127 -0.72573563126094
1050 80005 0.435867821459802
1051 65980 -0.546614783012922
1052 3033 -0.693397593336462
1053 55449 0.384543173566724
1054 7158 0.44540564407287
1055 91137 -1.10105103426137
1056 641649 0.484835329191948
1057 50509 0.583288459758695
1058 2036 0.471903314632708
1059 26960 -1.15871599678517
1060 51371 -1.2174026319487
1061 706 0.577822734323941
1062 55713 -0.7825151423203
1063 148223 0.599202133582736
1064 133022 -0.863874647455647
1065 28957 -0.980378436397968
1066 158035 0.303765419243808
1067 7979 -0.61298818301146
1068 23341 -1.06634915134904
1069 8900 -0.924666336386146
1070 51550 -0.545250379281261
1071 142940 -1.16102280125228
1072 9229 -0.789987099414122
1073 5290 -0.705782254652379
1074 144811 -0.88133871228158
1075 26519 -0.553492284489852
1076 8045 0.333834806051252
1077 5692 -0.71624020475055
1078 5066 -0.933932563447973
1079 5689 -1.10935265987578
1080 26047 -0.733626441222959
1081 23548 -1.03246544338985
1082 8812 0.322028731619821
1083 1460 -0.851288503330715
1084 55093 -0.974518777644178
1085 6652 -0.682233380397625
1086 3479 -0.511199935861668
1087 3636 0.636327342072226
1088 282566 -0.804489503716729
1089 81888 0.429038106203107
1090 55283 0.27964961440928
1091 64746 -0.889549430085045
1092 84456 -0.786414762995919
1093 29954 0.607529854966752
1094 9276 -0.612419084949465
1095 56934 -1.33903079977048
1096 91057 -1.19989645472464
1097 25814 -0.963017821305975
1098 5325 -0.90813552963868
1099 56945 -0.746305067810053
1100 10463 -0.816370125516323
1101 79904 0.519131567893325
1102 3964 -1.21539099737689
1103 7553 -0.805224776056381
1104 23285 -1.69315781475065
1105 55966 0.737779692915051
1106 586 -1.40874484648952
1107 8836 -1.45239673554024
1108 23499 0.903372779561299
1109 80155 -0.983188156748949
1110 375196 -0.407924220004861
1111 100130613 0.315276976232286
1112 144568 0.402377493013875
1113 27254 0.500477490798374
1114 91966 -1.19597939970651
1115 10380 -0.71802561683709
1116 6660 0.631292238749781
1117 10733 0.208578760143999
1118 6595 -0.632787986515114
1119 84549 -0.834830037391013
1120 80034 -1.0718337808744
1121 283927 -0.786658923366015
1122 280636 -0.778676418187728
1123 64748 0.235588314110936
1124 6522 0.528115735455801
1125 55591 -1.01876167279399
1126 91289 0.359064217420127
1127 29967 -0.665370897389447
1128 59345 0.191035270334497
1129 10314 -0.999311876454158
1130 2677 -0.985950934885818
1131 4134 0.789057038631388
1132 9201 -1.69842594495146
1133 57535 -0.518235177502838
1134 100132101 0.474490178442806
1135 8187 -0.906347130956636
1136 51309 -1.06841942346739
1137 85476 -0.757197672405134
1138 2804 -0.8451775601495
1139 84881 -0.510295125959383
1140 1894 -0.89129500870057
1141 55829 -0.983263853365145
1142 158880 -0.573821105720047
1143 101928483 0.309509870078431
1144 124402 0.303242093273911
1145 23028 -0.696805579267546
1146 140890 0.214887961094974
1147 4704 -0.721913266026159
1148 163081 -1.15729948164882
1149 32 1.27534997556371
1150 5923 -0.449933770314994
1151 642475 0.663876122960887
1152 11056 0.493411432555824
1153 158586 -0.868164311495785
1154 51170 -1.1842567598226
1155 51362 -1.05453341757956
1156 9529 -0.803500644458095
1157 9282 0.300909165432336
1158 84289 0.532387213038581
1159 54602 -1.27682406722604
1160 167153 -1.03775678325285
1161 29087 -0.967878960023262
1162 101928288 0.381540888775985
1163 23143 0.351120604433943
1164 8862 0.627849887528904
1165 4801 -0.518675699882303
1166 81034 -1.41879506196362
1167 60 -0.895448830229899
1168 58493 -0.938229072416815
1169 10659 -0.604863830629228
1170 8888 -0.728334443272347
1171 4430 -0.468144732288737
1172 148398 0.302434408295523
1173 5799 -1.05583334968999
1174 51649 -0.662246230922649
1175 54328 0.358597197821838
1176 91369 0.382675348819796
1177 51571 -0.656198803366168
1178 118487 -0.872871696498516
1179 3980 -0.477577208993113
1180 10197 -0.88158314845519
1181 10123 -0.548349086112685
1182 25829 0.521432085381401
1183 9778 -1.25027217265531
1184 3126 0.307552803111353
1185 285971 0.452181174945086
1186 51343 0.412285980262575
1187 55830 -0.788081918713464
1188 84689 0.579470045191069
1189 956 -1.22057253818914
1190 57149 -0.734914538006433
1191 7334 -1.38863528367622
1192 6845 -1.54643781187484
1193 375056 -1.27290643092961
1194 80298 -0.879755594385968
1195 26135 -0.435715799471858
1196 138649 0.560246650645596
1197 83737 -1.21079812654919
1198 1731 0.33998606292561
1199 55326 -0.456803251308588
1200 412 -1.1507849960599
1201 84460 -1.10391785966877
1202 30812 0.716342345514932
1203 27335 -0.723939912504929
1204 7251 -0.923930537981171
1205 9644 0.564531860222698
1206 84249 0.785803873968675
1207 5331 0.519374968771853
1208 8825 -1.07475629134361
1209 100127983 -1.57545414523075
1210 92579 0.371439939850543
1211 5800 0.966751383033445
1212 7905 -1.02608679201481
1213 221120 -0.634037856405779
1214 785 -0.995029427259948
1215 2912 0.563395743436094
1216 23741 -1.01319767946182
1217 28984 0.666259506843013
1218 29943 0.301229700755946
1219 7026 0.902461796439685
1220 51294 0.428569128029151
1221 10109 -0.480382943241237
1222 9898 0.404513760512375
1223 112487 -0.78278912046965
1224 25854 -0.880514260670627
1225 7320 -0.952076505581892
1226 1944 0.331158821984348
1227 9804 -1.5060204254793
1228 7430 1.21629502967943
1229 4684 -0.504145346708174
1230 9167 -0.563009105483737
1231 79875 0.236234101708149
1232 55425 -0.330292922114335
1233 58525 0.533022793334524
1234 29995 0.395921470864147
1235 25865 0.550894122641969
1236 57142 -0.666859456500186
1237 152579 -0.574689945089637
1238 100652770 0.280055418535684
1239 4706 -0.983580028458523
1240 522 -0.838872029484341
1241 57805 -0.748171286687741
1242 79987 0.326772097950239
1243 29998 0.429377195490835
1244 374 0.178011471774182
1245 54813 -1.1486345696275
1246 9987 -0.854238487223537
1247 23063 0.265841641732155
1248 4857 -1.06038419559819
1249 1368 0.407503552202338
1250 53942 -0.830742915374307
1251 25950 -0.741040591404633
1252 10776 -1.10760550753053
1253 22882 0.464560435659895
1254 222865 -1.11700471707041
1255 147727 -0.784637832758824
1256 11146 -0.610251595527176
1257 11062 -0.403918237060155
1258 10668 -0.844555048031375
1259 80013 -0.865768978465474
1260 36 -1.01842810660906
1261 4724 -0.752694165005407
1262 80309 -1.22151221474471
1263 5510 -1.14292163734241
1264 28972 -1.13140845671732
1265 1519 -0.708261006227174
1266 26118 -1.04829195334451
1267 1428 -1.21517114833902
1268 7170 -1.17898235956395
1269 79778 0.649740357874495
1270 10038 -1.22305001036581
1271 23180 -0.91987822737072
1272 1385 -0.5472491371041
1273 80349 -0.792481670051161
1274 79723 0.186652038886222
1275 908 -0.813567603390343
1276 84132 0.275043552237128
1277 6929 0.713320336239675
1278 85301 1.01847595485496
1279 256356 -0.570017953034835
1280 120103 -1.00869933338241
1281 317662 -0.494788744561232
1282 10984 0.330935281613313
1283 6205 0.638790781277477
1284 26052 0.529493495897388
1285 6388 -0.601511857632716
1286 23414 -1.50378192631216
1287 84265 -0.962509708776834
1288 284058 0.39752119398638
1289 58506 0.434756451033761
1290 1601 0.670781861374371
1291 79912 -1.37051017136817
1292 340542 -1.71660817563291
1293 23096 0.501553317117329
1294 83787 -0.843168491113575
1295 285025 0.200970164202461
1296 7257 -1.22351825031219
1297 23580 0.880016794212951
1298 55529 -1.11792696534955
1299 7692 -0.615218457383937
1300 25926 -0.812773810086762
1301 27112 0.388083276105832
1302 56853 0.74070440483251
1303 83440 -0.567849954246641
1304 130367 -0.61460210353552
1305 8872 -0.9424458904365
1306 57558 0.351341026852439
1307 113026 0.576354646853607
1308 7447 -2.47556521637374
1309 9868 -0.859508325826718
1310 55253 -0.577267344986734
1311 57826 -0.991059653654291
1312 57037 -1.49006476762308
1313 219541 -0.650416965825194
1314 51096 -1.13534603365188
1315 171425 -0.626901971999283
1316 777 -1.59292544883042
1317 84444 0.58636374606812
1318 54332 -1.36926677543717
1319 1486 -0.388322121421776
1320 101927034 0.200468959885651
1321 509 -1.56191847469694
1322 539 -1.26444629398253
1323 26586 0.287152307277468
1324 9577 -0.395979134838474
1325 55207 -0.916879280218437
1326 9218 0.540928840022643
1327 64776 -0.686474643335694
1328 285181 0.357102690672192
1329 22820 -0.674008624330374
1330 404217 0.373693967836751
1331 11027 0.346402658927198
1332 23396 0.583111894682654
1333 9515 -1.40929885705007
1334 23475 0.522485368055841
1335 1209 0.3162878086205
1336 374378 -0.885175957854474
1337 124930 0.486629841533333
1338 7738 -1.66110426036111
1339 283899 0.395465391937283
1340 7419 -1.60291458226256
1341 7341 -0.824130278897648
1342 57602 0.574295072545678
1343 123920 0.816721131969264
1344 347862 0.468244761348199
1345 138050 -0.874272323348213
1346 26086 0.490704732459781
1347 619208 -0.540443355308221
1348 439921 -0.436329415817916
1349 54962 -0.429560389227751
1350 90485 0.419984943108947
1351 84648 0.286817585843946
1352 58486 -0.798417798704954
1353 135932 0.290675403696304
1354 6729 -1.07818783379216
1355 120227 -0.746676438434843
1356 284900 -0.509350692724872
1357 84033 0.447766778181658
1358 54899 -0.873651138375018
1359 883 -0.487136532479509
1360 101928002 0.286179497482216
1361 11226 0.268294782460623
1362 1939 -0.498332631852041
1363 81894 -0.640133999455657
1364 23170 0.378005217793818
1365 65264 0.57433308595493
1366 26984 -0.832702166432871
1367 5537 -1.02004078196105
1368 8504 -0.53987176440366
1369 55296 -0.583611472331405
1370 9851 -0.660488387953594
1371 9352 -0.754643273808367
1372 55422 -0.813411780188776
1373 3682 -0.754378313659132
1374 8721 -0.424434263189697
1375 64130 -0.646863873229193
1376 57498 -0.708611501195552
1377 1600 -1.28538274499653
1378 51028 -1.39119391657091
1379 1102 -0.64419375133281
1380 28977 -1.21158625677938
1381 55623 -0.681716077661363
1382 81551 -1.05177457453776
1383 10370 -0.921717902071606
1384 6472 0.513806475927943
1385 55742 0.633021116806324
1386 4967 0.606992452210377
1387 162394 -0.675204566660471
1388 1349 -1.34059585739893
1389 4291 -0.762882834005087
1390 28996 0.869901895548102
1391 5096 -0.681219142643664
1392 9841 -1.02396986627677
1393 84996 -0.458197222165443
1394 25898 -1.37690197896836
1395 4733 -0.864835566412172
1396 8398 0.331720189806817
1397 5532 -1.14490771177771
1398 8289 0.353753933579931
1399 9366 0.161842669291363
1400 26608 -0.619983653044557
1401 10858 0.376183715700554
1402 8153 0.431260509886699
1403 10137 -0.898546580625018
1404 10327 -0.779672544656621
1405 6731 -1.22907837095619
1406 2870 0.442359148375934
1407 4925 -0.943934334161137
1408 26276 -0.788051694682837
1409 1508 -1.02477282722542
1410 255877 0.58517409360215
1411 79365 -0.487410814582876
1412 54675 -0.62039196500802
1413 51112 -0.779999665623813
1414 57231 -0.854176508329894
1415 84134 -0.514159539322018
1416 115908 -0.83464987532302
1417 64769 -1.16576313046571
1418 23185 -0.607727665130736
1419 57120 -0.690945069868868
1420 54556 -0.372767567629216
1421 29097 -0.834676312956024
1422 378938 -1.12969477119513
1423 694 -0.823349426111752
1424 26953 -0.891369494002082
1425 7436 -1.05831400246311
1426 84340 -1.00381389020901
1427 9842 0.441023533654947
1428 107 -0.900887547960949
1429 248 0.480763120672142
1430 23261 -1.8003249260118
1431 55084 -0.43275565726662
1432 100129482 -1.50110142706549
1433 51000 -1.16598854518431
1434 64412 -0.722896709705625
1435 6622 -1.43219510899754
1436 8723 -1.04071323509081
1437 5690 -0.908929841245572
1438 10492 -0.984823370551394
1439 729852 -0.727317018649674
1440 5095 -0.846041231672968
1441 10568 0.178903061425341
1442 4000 0.645240405177966
1443 92595 -0.357022767677984
1444 10775 -0.964269236582821
1445 79867 0.430415795338834
1446 51142 -0.797672677055703
1447 96610 -0.68467290876618
1448 26263 -0.600248782744973
1449 4085 -0.879601430393274
1450 9375 -1.57582588020665
1451 140460 -0.938892267296218
1452 23476 0.436514890070292
1453 8473 -0.959969636184876
1454 27069 -0.95433256519412
1455 80305 0.697962246746186
1456 54932 0.282868050091247
1457 80778 -0.711780214105936
1458 54541 1.088304378913
1459 80135 -0.959196358035825
1460 6920 0.267664531820722
1461 80196 -0.744878482952879
1462 65981 -1.25114925514861
1463 6815 0.207713535115123
1464 4190 -1.88292696891686
1465 10541 0.775469074938599
1466 4103 0.217566429350998
1467 932 0.253542772453187
1468 9737 -1.65774721072572
1469 6500 -1.35792598196307
1470 27324 -1.01958229891818
1471 5573 -1.2042769144098
1472 79092 0.344360958037897
1473 340481 -0.579402257339245
1474 64601 -0.696160691536662
1475 54494 -0.576188866421997
1476 9669 0.3608027758977
1477 4670 0.326738603553774
1478 51182 -0.918570214507387
1479 126119 0.442066432535612
1480 54891 -1.09553716246979
1481 90799 0.277077371976322
1482 54532 0.354858673956974
1483 5478 -0.942669583547474
1484 2959 -0.952835897057776
1485 5713 -0.778819804633944
1486 389023 -1.09871872741322
1487 26206 0.332760485071001
1488 22854 -1.14170157183421
1489 6934 -0.410401347715908
1490 221037 -0.950256283286374
1491 5701 -0.991603224231281
1492 84792 -0.957022316179271
1493 64983 -1.21998191786679
1494 9403 -0.967331250627804
1495 5534 -1.08176761965186
1496 55117 -1.24510929308956
1497 79269 -0.790067704843281
1498 23560 -0.605096120505407
1499 79812 0.218819344922868
1500 728743 0.349571750487986
1501 8665 -0.472041528749021
1502 5048 -0.603129722798324
1503 11154 -1.0630447199456
1504 2739 -0.831639587786871
1505 114803 -1.53340432927929
1506 3839 -0.871932018582758
1507 3735 -0.653185863902541
1508 163050 -0.550069130512799
1509 29123 0.435995770894088
1510 51441 -1.0307650842161
1511 55589 -0.717198758240005
1512 2993 0.253107792033695
1513 84620 -1.11643079310344
1514 4660 0.698460197962342
1515 254295 0.852716831924136
1516 84961 -0.667298882697295
1517 1762 0.378542688165799
1518 1982 -0.701623362769613
1519 9528 -0.631853591523809
1520 2581 -1.07915715795609
1521 342977 0.356259088227938
1522 6728 -1.19122371515893
1523 54902 -1.19806763878975
1524 23042 0.403403110078822
1525 63932 -0.260850426390044
1526 8886 -0.514935643016527
1527 1019 0.437470325152578
1528 50626 0.41552171512363
1529 54682 -0.636825856660749
1530 29106 -0.759819993808394
1531 10575 -1.08402809017108
1532 284904 0.536766835289001
1533 9656 -0.602031372208859
1534 5204 -0.634863955738693
1535 137362 0.256208995850296
1536 79568 -0.759401198250219
1537 11178 -0.453403385401138
1538 100132707 0.602412965898488
1539 10243 -1.42648968638792
1540 7916 0.442174958158593
1541 4522 -0.753880719012797
1542 85458 -0.979846747613882
1543 146198 -0.900863998864041
1544 83985 0.416059731558884
1545 101927657 0.258625871268763
1546 2806 -0.977044095132536
1547 6693 0.426041466382036
1548 5691 -1.09337246658536
1549 5822 -0.660853423157418
1550 9128 -0.791434160058424
1551 51187 -1.03828111136374
1552 55194 0.411570626995639
1553 2967 -0.741137723187433
1554 100189589 -1.23700312936601
1555 27018 -0.629431423781895
1556 100874195 0.288636293209357
1557 100505549 0.226062607003048
1558 79789 0.572307414129472
1559 730101 -0.465594922620806
1560 55257 0.390660108704056
1561 835 0.305433368341642
1562 85021 -1.0886963436773
1563 154743 -0.764650364712626
1564 2872 0.84245595322235
1565 27252 -0.418905871367762
1566 54928 -0.729285950620418
1567 56970 0.400074508119168
1568 284161 -1.45764592222849
1569 404672 -0.671210036746318
1570 84656 0.420513208763852
1571 129787 -0.85493561243399
1572 11168 -0.724104152453184
1573 23536 -0.59642173220116
1574 51582 -1.23104151647557
1575 51495 -0.521372614452016
1576 100131213 0.397604808828466
1577 10982 -0.777883130765773
1578 59343 -0.632348239194471
1579 115509 -0.536678145580051
1580 140467 0.646947119377031
1581 2823 -0.661165458726339
1582 89970 -0.773031632644273
1583 29777 -0.515049338416718
1584 27352 0.530792307900514
1585 3815 -0.868092312466267
1586 9097 -0.701360158099424
1587 4100 0.255722980136802
1588 642 -0.673063531000518
1589 11261 -0.889912443795478
1590 8672 -0.832449978425902
1591 148898 -0.598395661016656
1592 163126 -0.898096672725777
1593 3251 0.179710523668855
1594 57094 0.181031739101287
1595 79750 -1.03894787745407
1596 255512 -0.43713858178311
1597 9377 -0.605855394738468
1598 340419 -1.69654423869425
1599 545 -1.32437799321684
1600 5495 -0.531601674076995
1601 51312 -0.7815938935257
1602 10827 -0.723259710746603
1603 358 0.398070149904203
1604 80264 -0.41361556390909
1605 6794 0.682097203353508
1606 1555 0.289217614962014
1607 11129 0.489381943389161
1608 56172 -1.01022281014054
1609 375704 0.881333000153842
1610 9538 -0.59399323265235
1611 84875 0.725418583696031
1612 30849 -1.07417200060125
1613 100506365 -0.857847151460509
1614 158696 -1.16754109588356
1615 121551 -0.953263794051822
1616 10236 -0.741914960391499
1617 64129 0.47079362400821
1618 255411 0.261653901904152
1619 27032 -1.2322217552186
1620 744 -1.16985089181365
1621 285671 -0.626728967005775
1622 1725 -0.580525111553794
1623 203547 -0.695504863730104
1624 5440 -0.874065588796875
1625 58487 -0.781012028731643
1626 128414 0.67436026722268
1627 5144 -0.983837605102163
1628 100288490 0.264475635530887
1629 1465 0.799413037850902
1630 57705 0.363909879489829
1631 100124700 0.215192388204108
1632 55193 0.168098178612038
1633 57092 -0.610059727041423
1634 79071 -0.743232980134052
1635 64854 -0.638128377212982
1636 85368 0.248218436613314
1637 105375839 0.2083803069529
1638 4695 -0.795772033694755
1639 101927612 -0.507664778077781
1640 391 0.607182450617476
1641 6925 -0.676072964815422
1642 4194 0.227776958853582
1643 84065 0.348822755846624
1644 11052 -1.21179229097309
1645 26146 -0.729562659697709
1646 89796 1.04793922055377
1647 81490 0.455971658610391
1648 1087 0.259362360918221
1649 57604 0.256993001053288
1650 309 -1.1563242912722
1651 6256 0.712404302083264
1652 6733 -1.16833852318466
1653 23144 0.337698879146812
1654 79072 -1.20652178130837
1655 716 0.217067447142302
1656 219738 -0.725137464115391
1657 55334 -0.785427118351395
1658 5424 0.413770392739216
1659 55109 -0.869927783674907
1660 4548 -1.15056073149843
1661 60561 -0.81044281717451
1662 286 -0.665545106399427
1663 55530 -1.00697702153996
1664 9793 -0.738354956755612
1665 116983 0.287929023027103
1666 5757 0.505963586130328
1667 29965 0.589009573221094
1668 81602 -1.1549078613988
1669 84105 -0.567269341400175
1670 51277 -0.879834619103567
1671 9703 0.601126986139429
1672 8674 -0.566672861753556
1673 284309 -1.16766956520602
1674 146923 -0.967061777491131
1675 58480 0.887195083706618
1676 84991 0.534531874031597
1677 9397 -0.745353369934094
1678 6691 -0.332089705734296
1679 100303755 -1.00847342583831
1680 83695 -0.662257442801002
1681 5903 -1.1555425864179
1682 51068 -0.411245183014568
1683 57522 1.03918328058294
1684 728353 0.49472876369447
1685 93668 0.341857091539744
1686 23351 0.633773544693132
1687 64921 -1.50965865885299
1688 6505 -0.875935684063747
1689 54439 -0.817000465514237
1690 56943 -0.81930289547939
1691 55301 0.26936804219173
1692 2571 -1.51336669660793
1693 93081 -0.597905234830104
1694 2027 0.362319585048131
1695 113189 0.500127611944717
1696 10944 -0.858052687844596
1697 169044 0.277679372796293
1698 161436 -0.674468314829975
1699 8570 0.477455880474141
1700 5682 -1.18423518064111
1701 9946 -0.806460756005841
1702 23439 0.305559371347392
1703 112611 -1.08610281651957
1704 38 -0.874958953552585
1705 105374928 0.202427933109521
1706 5602 -0.603253402037652
1707 29115 0.340284683592709
1708 54820 0.72307874780501
1709 28956 -0.4320208680619
1710 4700 -0.79757683517554
1711 5700 -0.619939518105792
1712 6434 -0.400025889895412
1713 3773 0.962626112829136
1714 27 -0.349056383671065
1715 51692 -0.826582881589181
1716 28998 -0.627340923568918
1717 10799 -0.870671637831932
1718 57223 -0.945703503919642
1719 7045 0.53714316709473
1720 6451 -1.07249431623637
1721 5218 0.538097290790441
1722 9701 0.424469079885293
1723 9260 0.290233667101068
1724 10438 -1.18446657816819
1725 169981 -1.04755811938102
1726 55847 -0.666746532478005
1727 25852 -0.929917625811359
1728 9205 -0.491015419268042
1729 80036 0.236936150389773
1730 23071 -0.68383688190228
1731 403313 -0.820572035382798
1732 84162 -1.14720987406931
1733 60314 -1.14462877172607
1734 57666 0.44771151661465
1735 140469 0.183949597588907
1736 285780 -0.533791154882506
1737 5293 0.730166141068566
1738 5132 0.179443378574432
1739 64975 0.639972861533362
1740 677779 0.257141487700626
1741 26094 -0.72327727903116
1742 220382 0.687805517876313
1743 10352 -0.564389747408192
1744 490 -0.861704636717874
1745 440184 0.187738099162989
1746 5073 -0.640434137094514
1747 55153 -1.02920061342687
1748 4249 -0.433046112640231
1749 2903 -1.82424155610988
1750 55367 0.639219776788054
1751 6301 -0.961878682438828
1752 10383 -0.865930764494711
1753 6775 -1.71075931041482
1754 25928 -1.28536792310172
1755 84818 0.508962363362484
1756 375567 -0.644849520760174
1757 134553 0.516927882966695
1758 23038 0.367966383888688
1759 7422 0.556166049361926
1760 8301 -0.919417764240241
1761 163255 -1.17290304863722
1762 83858 0.40143425741042
1763 252884 0.296397173740964
1764 84707 -1.26884835087667
1765 729082 -0.990173532994781
1766 6745 -1.04746719842033
1767 3208 0.690443119106935
1768 6305 0.585611277213619
1769 5925 0.254739006258136
1770 79571 -0.42836387876608
1771 84858 0.599544049164843
1772 3418 -0.472752855733384
1773 101929926 0.255239954411736
1774 55929 -0.811719472543058
1775 25809 -0.648513611629526
1776 4071 0.186150592576744
1777 9716 -0.653035830399652
1778 11231 -1.18461268651165
1779 7988 0.499220091052257
1780 55854 -0.638627918105212
1781 4199 -1.12650105320541
1782 58517 -0.898372348864547
1783 2042 -0.816068032486527
1784 8548 -0.395541390550845
1785 100505929 0.234735294467549
1786 79154 -0.559619545649188
1787 84897 -1.11953532336907
1788 51234 -1.57332473090768
1789 11155 0.3937645799635
1790 203 0.377819762358945
1791 4594 -0.857963511906986
1792 56255 -0.921983159578803
1793 8897 0.332258265256291
1794 56271 -1.62303723049655
1795 81532 0.51105912299428
1796 221438 0.351368251129514
1797 158135 -0.425829150110075
1798 203523 -0.664403443383149
1799 1010 -1.24951710263464
1800 4232 -0.994514400143234
1801 286053 -0.598836272360287
1802 64792 -0.774345660094341
1803 81545 -0.437277734331354
1804 1069 -0.742224810057984
1805 7571 -0.876548294217586
1806 286205 -0.676711849931316
1807 654433 0.518430859799771
1808 79752 -1.25518354105187
1809 341405 0.233351733789771
1810 84251 -1.55804590758277
1811 7852 1.11245715645736
1812 84314 -0.910894274377525
1813 5915 0.286855750964353
1814 63894 -0.701670827808079
1815 4435 -0.472154938741268
1816 359 0.429737438472764
1817 9436 0.425907281932457
1818 25929 -0.654828838524295
1819 2259 -1.05938361094184
1820 5900 0.391950458023921
1821 7699 -0.490602912717895
1822 729799 -0.707302805636723
1823 11016 -0.4769132295542
1824 3788 -0.504020445423405
1825 55245 -0.647461426722132
1826 6629 -0.534002103782894
1827 10949 -0.699786967680581
1828 85480 0.247990291819178
1829 1272 -1.22184229013169
1830 11212 -0.864368436595985
1831 10730 -0.853796662245161
1832 25994 -0.848474094553994
1833 8085 0.566047631026223
1834 7280 -0.806352458226273
1835 23592 -0.752893385519754
1836 8697 -0.962350520133748
1837 101928012 0.192161199720553
1838 8682 0.887770236455074
1839 23673 -0.496977604810713
1840 101927623 0.362137062904433
1841 5612 -0.737738998227896
1842 7077 -0.584106259127028
1843 643711 0.264656044690678
1844 55973 -0.906181376772469
1845 22868 -0.346003486033261
1846 90161 -1.61206216409767
1847 54839 -1.41483346750328
1848 25939 0.672382140012052
1849 285172 -0.801797376479608
1850 80821 -0.59665260806322
1851 58492 -0.512058530930133
1852 55653 -0.589576996695697
1853 84923 0.243995062935929
1854 8470 0.225551671680943
1855 11033 0.470928591971829
1856 1044 0.309381105636566
1857 782 0.479166294608008
1858 8038 0.314867143395638
1859 115362 0.242637056330488
1860 145773 -0.487994025228245
1861 100291666 0.32802591415093
1862 8882 -0.427088788670588
1863 55500 -0.96023653858776
1864 440 -1.4758123990465
1865 353497 0.587969186229674
1866 11140 -0.707689536054692
1867 55110 -0.365127149274116
1868 50484 -1.08235319671147
1869 22950 -1.21021520186368
1870 401442 -0.377026099668612
1871 7975 0.927040930854518
1872 51701 -1.04293718672068
1873 1016 -1.1742010561626
1874 3400 0.654390674882231
1875 4035 0.459129905112604
1876 57122 -1.07401309472325
1877 339263 0.30334256337681
1878 440275 -0.673565696204649
1879 9649 -0.721431803429374
1880 102723775 0.56411180613296
1881 101929153 0.206199222389434
1882 6801 -0.511261391592892
1883 10207 -0.784798837229103
1884 84911 -0.958912529131448
1885 6919 -0.847276527474199
1886 79364 -0.390832452649726
1887 514 0.611849489992252
1888 5771 0.297996293373452
1889 55696 -0.894031448530344
1890 2339 -0.763519008161565
1891 100505538 -0.517697984512052
1892 100506311 0.213688911186194
1893 147525 -0.531609471052608
1894 10505 -0.659856678219006
1895 2554 -1.90399465986991
1896 4300 -0.565894908882645
1897 6643 -0.632152602153021
1898 131034 -1.21780310933133
1899 5018 -0.862608894695138
1900 10181 0.26062767705688
1901 51669 -0.701467185865333
1902 334 -0.779847968479212
1903 440792 0.444987355400518
1904 23091 -0.686417856806205
1905 9261 0.712391708012921
1906 7155 -0.789083997327017
1907 4436 -0.947470841692461
1908 160428 -0.654286459263002
1909 9482 -0.616393679925805
1910 9025 -0.7163247549523
1911 902 -1.20560928940164
1912 8905 -1.08880901298546
1913 27292 -0.641881463367568
1914 101929787 1.09100501034461
1915 54472 -0.507761707910758
1916 3600 0.282759839016677
1917 5064 0.518888275969446
1918 7625 0.348111917285896
1919 64965 -0.943025824161254
1920 51347 -0.754559595107883
1921 79738 -0.782123666384082
1922 5609 0.390071474652328
1923 10493 0.597171743300804
1924 100689073 0.230566928849773
1925 5111 -1.08140406062254
1926 26045 -0.807112894172848
1927 5264 -1.25604732372911
1928 286097 -1.32888854458433
1929 57085 0.428966536636028
1930 222962 0.512141835906347
1931 27165 0.24774435688817
1932 90523 -0.971745606399898
1933 27067 -0.933371816970241
1934 3381 0.468490498128348
1935 6623 0.458984291997877
1936 1959 -0.776393120925009
1937 10427 -1.11513758800482
1938 83547 0.433612009862915
1939 55857 0.901020258088744
1940 219654 0.955960041283777
1941 6897 0.311466292626315
1942 3772 0.375591661866492
1943 55259 -0.558355266234064
1944 673 -1.02980702670539
1945 22936 -0.78778212809371
1946 10501 0.491523403173827
1947 257194 -0.827253017774571
1948 390 -0.68828860388503
1949 114793 0.749422842190181
1950 3692 -0.610462290041864
1951 79780 -0.774527580874605
1952 57140 0.502406544308797
1953 147694 -0.374104690294087
1954 23389 0.5974782074544
1955 1791 0.248821058167092
1956 9604 -0.874044965290788
1957 10321 0.206358690766145
1958 7818 -0.732228750775144
1959 5142 -0.562664247181559
1960 22872 -1.05435455272579
1961 283554 -0.500636592837985
1962 4026 0.547088934699897
1963 56990 -0.574370991361775
1964 288 -0.566324816184078
1965 79933 0.307935140859965
1966 57182 -0.909870635103659
1967 783 0.940985043923902
1968 54931 -1.11337144379517
1969 550643 -0.642229984427984
1970 51690 -0.85513690761686
1971 4666 -0.981505070928982
1972 9659 -0.953538074765205
1973 6095 0.406135853941686
1974 10769 -1.73716321006454
1975 5515 -1.36855339308988
1976 1630 -0.807014978367569
1977 65258 -0.495038502930906
1978 5728 0.436050044511447
1979 4189 -1.19249479139221
1980 529 -1.01180638855555
1981 178 -1.12995843327954
1982 95681 -1.60257037019063
1983 10915 -1.1559185466811
1984 50804 -1.17525583200807
1985 128869 -0.636006031049195
1986 25914 -0.816947964564791
1987 5872 1.07765773665027
1988 79621 -1.04222532988314
1989 8505 -0.380221692336984
1990 7220 -1.07915731864185
1991 57728 0.212982208538914
1992 8480 -0.638273658009574
1993 4502 0.874939056023527
1994 51524 -0.422924539100226
1995 338811 -1.3396041943803
1996 56947 -0.781843846488798
1997 55 0.188488269787475
1998 56262 0.459149362367501
1999 25797 -0.965957372045358
2000 52 -1.02393365784097
2001 6129 -0.558447712413482
2002 10231 -1.21485557709445
2003 4838 0.370058928015369
2004 23446 -0.76890059461356
2005 80254 -0.725794500331398
2006 388403 -0.587157046543362
2007 8496 0.440652668485559
2008 554203 1.12008453392288
2009 57448 -0.538036214013024
2010 9501 0.291221280834398
2011 337867 -0.47871193375871
2012 58513 0.50187583825358
2013 83860 0.502470775976573
2014 120526 -0.555994755261111
2015 8204 -1.18339375372024
2016 166979 0.261302178760942
2017 83544 -0.468748809461894
2018 7903 -0.898038416815893
2019 23732 -0.787876871696571
2020 54790 -1.04097734005539
2021 4692 -0.790447192932961
2022 2066 -0.542374240290814
2023 28234 0.228683149715758
2024 5521 -0.940049333036226
2025 3550 -0.726606993358372
2026 79608 -0.408206936920284
2027 54509 0.361486907396931
2028 79949 0.192929586685995
2029 100506757 0.210786920270129
2030 63935 -0.420119361888344
2031 26147 0.537591933047565
2032 80854 -0.430508803944082
2033 255031 0.452702365448435
2034 5710 -1.04867631833277
2035 9462 -0.576598597975197
2036 6171 -0.35839690768511
2037 26108 0.288937426574042
2038 29127 -0.898479293285658
2039 55628 -0.856069214743688
2040 23635 -0.497444071898943
2041 51650 -0.517196507646852
2042 100134040 0.274803428439782
2043 65260 -0.622417771871177
2044 64116 0.213023984024404
2045 9032 0.391291763443709
2046 114991 0.663016218408695
2047 57701 0.370428763364337
2048 132789 -0.745635796774647
2049 154661 -0.82619877340313
2050 118987 -0.636955944511159
2051 25942 -0.494530263127316
2052 55180 -1.21171168857882
2053 7415 -0.720616430933505
2054 54904 -0.95716247841497
2055 54629 0.228245210399853
2056 55212 -0.855457745529244
2057 121643 0.244576463574131
2058 94241 0.701715350198098
2059 55100 -0.713373697463002
2060 79748 0.347097536814801
2061 55236 -0.475403733407187
2062 163131 0.157108416599054
2063 404266 0.176646851657283
2064 1666 -0.689545170813183
2065 80006 -1.1817944365308
2066 646658 0.36143984582454
2067 414328 -0.638708115382199
2068 5163 -0.780881897597179
2069 10111 -0.544041356070433
2070 7857 -1.76500002450527
2071 246175 -0.859595485205315
2072 131408 -0.828026609559925
2073 84307 0.245770921703119
2074 51126 -1.22855942066468
2075 9543 0.502855078771737
2076 290 0.27004318614636
2077 57689 -0.813968977836109
2078 54893 0.583969436519755
2079 64417 -0.518842282997853
2080 9355 0.546121434431136
2081 10948 0.345067385115985
2082 401097 -1.43043952368627
2083 1457 -0.733662168536155
2084 124637 -0.770679131272848
2085 23376 -1.15872284270786
2086 55020 0.695910140180399
2087 10518 0.516428917351845
2088 1804 -1.14706011325211
2089 4722 -1.00999325429711
2090 5796 -0.565898607675949
2091 5036 0.355938953822474
2092 81853 -0.821033220579128
2093 101927722 0.309388824262903
2094 57539 -0.539092840534814
2095 113802 -0.995577470689406
2096 55508 0.467176034153304
2097 8559 -0.824355920939965
2098 641467 -0.972073354525341
2099 7111 -0.945391774416567
2100 11120 -0.735005656135476
2101 25847 -0.598252836585335
2102 8131 0.516130697640536
2103 342371 -0.627497269964126
2104 101929450 0.227349608010005
2105 79140 0.336172781613057
2106 23229 -0.984872327069554
2107 9969 0.367359322513041
2108 3718 -0.497371757230167
2109 4747 -1.78569541457348
2110 7791 0.515835093041224
2111 8715 -0.950238036541563
2112 10330 -1.23615836096524
2113 4303 0.725604326740652
2114 11218 -0.486425959522526
2115 79884 -0.551890464556804
2116 5641 -1.08224612606344
2117 100507431 0.214451186092309
2118 9343 -0.605804087303851
2119 64864 -0.633332011184601
2120 57623 0.318610297563232
2121 100131366 0.334209957564417
2122 11249 -0.892074970932032
2123 1780 -1.62704971740479
2124 10439 -0.891095412527617
2125 4076 -0.755537985741992
2126 54534 -0.738048139079366
2127 1183 -0.568325936367651
2128 101928616 0.231238666863328
2129 100506742 0.275804254749934
2130 1827 0.47026303091956
2131 28999 0.776552243400628
2132 30968 -1.01103955583602
2133 10644 0.757067108612013
2134 100126784 -0.591678486198792
2135 1317 -0.675520243580347
2136 55032 -0.777777971775625
2137 56916 -0.541177179950372
2138 1112 0.482417631963874
2139 9448 0.883934430206485
2140 26468 -0.723123204284446
2141 114569 -1.92180104010629
2142 8493 0.293290374418457
2143 27010 -1.03133225727225
2144 56133 -0.465715900287976
2145 515 -1.00967539519937
2146 54498 0.628275949812014
2147 79016 0.434919746793919
2148 10938 0.448800222402557
2149 8669 -0.661253632047512
2150 152926 -1.08087136880351
2151 8714 0.458217625350664
2152 10882 0.488139389446594
2153 26190 -0.787798224698477
2154 10209 -0.717027653884326
2155 10175 -0.878535419702501
2156 201595 -0.87635042347842
2157 10846 -1.13849715485346
2158 399726 0.562679475938265
2159 10623 -0.661884713420935
2160 51501 -0.663417286358279
2161 54431 -0.635670577322858
2162 10580 0.461874577983135
2163 8452 -1.15814773461814
2164 9125 -0.498565562536031
2165 101929121 0.191366415286876
2166 5663 -0.983385427413284
2167 3445 0.181203237385845
2168 8660 0.440293597409797
2169 7768 -0.338048254636755
2170 51105 -0.583360436526286
2171 143884 0.587953749291298
2172 23239 0.525276806010537
2173 23509 0.216197821791773
2174 79939 -0.472445013400844
2175 115795 0.349876981165103
2176 51375 -0.763931545985338
2177 124359 -0.629180080387927
2178 139596 -0.750357161122245
2179 285550 -0.973032326249246
2180 11345 -0.974939361300763
2181 197342 0.325427638330035
2182 4772 0.748307914348779
2183 6850 0.539588814843023
2184 838 0.186374194343688
2185 343990 -0.94381089233592
2186 23491 0.335261609089888
2187 254042 0.161707290883984
2188 3111 0.25915044638465
2189 57180 -1.0576194605843
2190 2768 0.718726938854849
2191 5884 -0.721784539087594
2192 10423 -0.241579104663719
2193 4858 0.356817256730263
2194 29899 0.644959133426457
2195 430 0.173241187558066
2196 3912 -0.49912125229469
2197 10229 -0.34173329549951
2198 1144 0.228095320615354
2199 285331 -0.871588310641164
2200 92906 -0.908443197123836
2201 440288 0.451767782403773
2202 2743 -1.43213663997122
2203 6542 1.10594574349081
2204 79575 0.332934899269359
2205 101927774 0.205287757966846
2206 10224 -0.55314533609463
2207 9976 0.504791933489702
2208 127396 -0.507843657406051
2209 54986 0.20792904113521
2210 79754 -0.712055204372978
2211 483 0.261710560263029
2212 56731 0.294646080395217
2213 6642 -0.537305276572901
2214 64432 -0.677537851000349
2215 9353 -1.74756292001034
2216 79637 0.374367616089097
2217 5423 -0.675124712537802
2218 5874 0.194598159662841
2219 699 0.287645565364228
2220 100507421 -1.52723885140461
2221 27291 0.220111247283193
2222 53841 0.380390652964172
2223 9169 -0.458807044558886
2224 114880 -1.0872355808113
2225 23589 0.421481823969692
2226 9648 -1.37177750911818
2227 149986 0.30427050411864
2228 27089 -0.702643540367632
2229 26156 -0.537257796174567
2230 2098 -0.943879274256537
2231 401466 -0.696304855620066
2232 6497 0.3732474477504
2233 7375 -0.500373578041387
2234 92304 0.353429571790544
2235 81614 -0.844200240115081
2236 6632 -0.890216393242086
2237 9516 0.170597438261315
2238 5188 -0.809589211793821
2239 84725 -0.341981303474252
2240 63905 -0.777868366000981
2241 1456 0.247545499551345
2242 53371 -1.04919448635809
2243 56675 -1.13288208968842
2244 4582 0.64133459019517
2245 101928909 0.210969267410008
2246 266812 -2.22130381415844
2247 4175 -0.763998026018478
2248 222008 -1.7978976275162
2249 10402 0.261251712982945
2250 3795 -0.562713869155004
2251 389677 -0.62793492654701
2252 9500 -0.905544885476457
2253 4891 -0.749682171150223
2254 153830 -0.815274890197427
2255 56288 0.807368388180739
2256 4861 0.385592704672844
2257 29803 0.246660300737152
2258 64581 0.200859174496362
2259 11098 -0.529803019568178
2260 92999 0.534032320355685
2261 6280 0.292188723807285
2262 9797 0.261361482544765
2263 66036 -0.824439481880814
2264 1040 -0.672197770602475
2265 10005 -0.55111556774479
2266 64943 0.493001895615844
2267 920 0.434581482206956
2268 51143 -1.31280434482631
2269 5001 0.166432558699328
2270 51538 -0.739735437298981
2271 29117 0.547330354476507
2272 11051 -1.24651132467616
2273 199870 -1.33871006646317
2274 23281 -0.548508184002544
2275 100129361 -0.584579366216721
2276 204 -0.708920350163142
2277 5576 0.417825533778912
2278 6711 0.239571139920552
2279 728723 0.310462546538954
2280 5889 -1.06588139079721
2281 440944 0.351402560919413
2282 8649 -0.940940962005974
2283 10376 -0.979413994759446
2284 692247 0.493202628719928
2285 84530 -0.760772589658704
2286 26234 -1.05176415664133
2287 5861 -1.19322785428857
2288 162517 0.213356209476521
2289 5695 -0.947819487350994
2290 84933 -0.746960304973171
2291 150967 -0.835763423420413
2292 5335 0.436881336675312
2293 282809 -0.449114550662416
2294 8887 -0.678832541992982
2295 51062 -1.21399838846697
2296 9317 -0.932051204590806
2297 23543 -0.644543165071243
2298 57213 -0.965533299712574
2299 56061 -0.478513504554941
2300 8558 0.597177183710211
2301 80213 -1.25418376120103
2302 81566 -1.12792524261364
2303 26027 0.52601850891907
2304 6605 -0.873754868761342
2305 57646 -0.529157543019769
2306 55617 -1.32304932097355
2307 2017 0.222299757285977
2308 10907 -0.725403744345101
2309 10411 0.650909477333571
2310 8648 -0.681604310005969
2311 8073 0.534909939720336
2312 5638 -0.597679895443736
2313 285513 -0.45004681867709
2314 257397 -1.08677732923856
2315 84839 0.445024106088971
2316 105371622 0.293762825080539
2317 64342 0.246551245335898
2318 122553 -1.30141003864156
2319 8326 0.606424657812612
2320 5411 -0.979468752205079
2321 100127974 0.19932277833919
2322 122773 -0.98668244715688
2323 222658 -0.999266046274423
2324 3704 -0.58024501483102
2325 23152 0.494965746613396
2326 26999 -0.951659428717256
2327 122953 0.411033110555795
2328 64063 0.375756717431032
2329 5167 0.242381435137071
2330 53344 -1.00797802707693
2331 129530 0.460591437436092
2332 27154 0.242460676826279
2333 83594 -0.554897994462539
2334 2730 -1.05556019783281
2335 130340 0.182507216508031
2336 387893 0.523540138811892
2337 9637 -0.673869284093513
2338 101927534 0.233624590503752
2339 57147 -0.580309760576717
2340 25801 -1.24421579667113
2341 114822 0.548453253501143
2342 126859 0.280885348866041
2343 821 -0.237852377834297
2344 54841 -0.926716378405005
2345 283991 0.315263360713868
2346 29801 0.421183064497832
2347 162239 0.262650116098378
2348 92312 0.516153286260187
2349 4292 -0.683097241184901
2350 9928 0.184507893302781
2351 125115 0.35398702575066
2352 114609 0.19659679236405
2353 10477 -1.15039481648156
2354 6309 -0.974159563825159
2355 65055 -1.37432497867055
2356 11216 0.249599212647429
2357 5683 -1.07662903968109
2358 84455 -1.22913893716548
2359 10026 -1.11749968832827
2360 1291 0.501386583165449
2361 23016 -0.683660634027068
2362 23265 0.22397530127662
2363 1822 0.285443484270329
2364 92552 0.202733635445124
2365 51282 -0.58089498134991
2366 10099 0.160955970121058
2367 54753 0.453444293194298
2368 55805 -0.850108758007099
2369 8021 -0.434674208364561
2370 54969 -0.861270921793861
2371 2120 0.402772131216733
2372 116113 0.369724423026422
2373 154664 0.17334897729107
2374 80273 -0.92751954445957
2375 26253 0.34983908350824
2376 57528 -0.558416330033099
2377 23272 -0.565654895999581
2378 643401 0.159059973112736
2379 4723 -0.673636619676864
2380 8562 0.270627344472755
2381 253143 0.543381076893783
2382 54951 -0.638294718601112
2383 139420 0.211702400633674
2384 25912 -0.635363544456954
2385 114971 -0.509677999006776
2386 51164 -0.768367809098097
2387 5718 -0.961015473801636
2388 79133 -0.632433466378559
2389 8668 -0.82815875552276
2390 84930 -0.534070042853113
2391 6361 0.303349376094526
2392 6271 0.559596000655113
2393 92345 -0.510315820942944
2394 5165 -0.848534929346936
2395 169841 0.413007395780763
2396 51335 0.389134255951453
2397 129303 0.426550762400498
2398 10521 -0.824271028527734
2399 142678 -0.709597503526346
2400 4247 -0.747914882103074
2401 284004 0.40452457809031
2402 6538 0.371996034267155
2403 23413 0.30127333001008
2404 145837 0.313907970898634
2405 5599 -1.0369431718058
2406 2917 -0.6582089159797
2407 799 0.290935240494528
2408 407738 -1.29010962495599
2409 9891 -0.74490843778789
2410 153129 -0.587691689479311
2411 7507 -0.561401790268095
2412 83874 0.32593032150633
2413 3292 0.43766895567715
2414 22941 -1.22398792107615
2415 90293 -0.600191734285668
2416 4520 0.35282484375574
2417 644150 -1.02221810749991
2418 10611 0.763243894270738
2419 27238 -0.623152066035533
2420 222194 -0.725345121134898
2421 80145 -0.965417379426261
2422 57168 -1.11508955310243
2423 399668 -1.24914905412658
2424 144348 0.168000309430817
2425 5426 0.459154108430183
2426 387263 -1.00016275401549
2427 114088 -1.04738032979398
2428 29944 -1.00222631795052
2429 6710 0.419368081993152
2430 84922 0.413860294147206
2431 10531 -0.769504175272664
2432 115703 0.330066134842643
2433 57830 0.324484124862748
2434 100129884 0.243282621525064
2435 1572 0.235777916745346
2436 60509 -0.425566423348451
2437 58473 1.01243232593915
2438 23057 -1.61290095266324
2439 114049 -0.662520515244554
2440 2555 -0.980587932333614
2441 29922 -1.09206678369196
2442 114299 -0.809976145275761
2443 128061 -1.0335784309377
2444 29896 0.249144975513729
2445 9440 -1.12730387951075
2446 140767 -1.44060837068452
2447 10016 -0.778440399787083
2448 6546 -1.72018230282103
2449 6452 0.540158801165623
2450 26035 -0.941414544699168
2451 55074 -1.42246252688875
2452 5058 -1.61838745159112
2453 121260 0.319936667741095
2454 23176 0.661732617828455
2455 8563 -0.563346772645034
2456 9890 -1.19450432650813
2457 152789 -0.744532627403465
2458 2099 0.379586672432353
2459 25849 -1.45037835078114
2460 10454 0.244639768447581
2461 282991 -0.945322184423755
2462 1314 0.248980254669529
2463 23365 0.478371517029255
2464 84545 -0.622555601897517
2465 29070 -1.3728890488425
2466 51646 -0.828182534069903
2467 29984 0.375443585366336
2468 10681 -1.0512135895837
2469 151473 -1.30216185146112
2470 116448 0.7714479197074
2471 55786 -1.06284202043648
2472 145389 -0.838526098670812
2473 23518 -1.3791713936836
2474 9228 0.308649803201741
2475 2589 0.451316713514352
2476 79991 -0.427995300940969
2477 9760 -0.722533808535302
2478 6483 0.442217751288152
2479 8896 -0.508634626939182
2480 2014 0.455250784992962
2481 59084 -1.33512133290316
2482 55750 -0.656250127236793
2483 23254 0.554150446508689
2484 9110 -1.314062006019
2485 30000 0.432141058893295
2486 5774 -0.727352109244318
2487 81929 -1.04151022857213
2488 64924 -0.77928008568106
2489 101928327 0.493787844443625
2490 2767 -0.586520594100468
2491 100130958 0.254506851887623
2492 64710 -0.655162228918185
2493 114792 -0.744539877204149
2494 8986 0.459793995173985
2495 7094 0.368197691641517
2496 221302 -1.10179473555642
2497 5000 -0.928756661636577
2498 51106 -0.479366367079958
2499 3146 -0.234988899649872
2500 1956 0.734316806754898
2501 25979 -0.769234469708285
2502 10947 -0.835072264022307
2503 1797 0.334527394376059
2504 5684 -1.22140497967972
2505 5037 -1.10815425375223
2506 22843 -1.50452098536229
2507 153090 0.601680036426594
2508 6253 0.296414020892111
2509 10450 -0.93507433814088
2510 23114 0.635005423979617
2511 23177 -0.76576924033809
2512 25874 -0.98191649986171
2513 79632 -0.461056661986133
2514 64979 -0.51645673564759
2515 526 -1.46080048353571
2516 6374 0.224136535506912
2517 84056 -0.952586915901964
2518 6236 0.587856979192951
2519 23268 -0.358690668334751
2520 1662 -0.949510941713194
2521 5412 -0.674133840198827
2522 2632 -0.649630545581703
2523 84268 -0.559469428379597
2524 6574 -0.768400313725952
2525 79015 -0.371442259804613
2526 1175 -0.599107364959961
2527 64420 -0.790359317504601
2528 9667 0.428413744127289
2529 6867 -0.764711024349137
2530 2572 -1.39465420379045
2531 55703 -0.777955518373743
2532 80344 0.325661739677114
2533 6599 0.650843398174321
2534 7102 -1.30240479183002
2535 256471 -0.874224208395476
2536 101928955 0.243074482605167
2537 8554 -1.01318595450918
2538 644975 0.35148153889938
2539 54882 -0.522795369061263
2540 100996506 0.264614238243774
2541 5500 -0.708566329560771
2542 25937 0.971018362527427
2543 11097 -0.839839573178593
2544 1983 -1.14288994562027
2545 2901 0.439447448583631
2546 9322 0.597301848294871
2547 100130155 -0.629637528413665
2548 84298 -0.435145065134586
2549 7752 -0.647396984948082
2550 207063 0.423444550986181
2551 54858 0.646256493510476
2552 54665 -0.656030885577646
2553 10241 0.721342819641461
2554 57532 -0.552386366445588
2555 5256 0.314143748693208
2556 11251 0.628566231398788
2557 130752 -0.670452004043071
2558 1525 -0.67659213926004
2559 57512 -1.36860902829411
2560 6866 -0.557058271146897
2561 1773 0.458989459090624
2562 284325 0.499432481259261
2563 23408 0.210600753200988
2564 51755 0.250860683220186
2565 126295 -0.924515678672329
2566 170850 0.160530508572776
2567 8745 -0.480450212324119
2568 51760 0.560060080395791
2569 23023 -0.951745730223094
2570 79609 -1.13672748765165
2571 201973 -0.873112109055031
2572 25788 -0.716637127557516
2573 134218 0.215390294509748
2574 50862 -0.692809629508755
2575 220108 0.390359687746009
2576 4776 0.758199571927191
2577 9939 -0.574210221477524
2578 6159 -0.758706853824076
2579 121274 0.579095507000153
2580 3840 -0.475766604562454
2581 5498 -0.358959533739605
2582 138151 0.398697560956661
2583 23612 0.331804928087642
2584 55748 -0.42085513016381
2585 8804 -0.991420942826322
2586 23480 -0.944816002385894
2587 10196 -0.847479398941738
2588 27430 -0.840013112253231
2589 23141 -0.416630825910439
2590 79576 -0.469814228811146
2591 79903 0.331760916180979
2592 55737 -0.993381581987265
2593 57110 -0.917186863751091
2594 23528 -0.995081109688814
2595 80263 -0.605972958675033
2596 1477 -0.550021336438421
2597 27197 0.170863522206287
2598 3845 -0.666159852748139
2599 5217 -0.947030837617433
2600 100129528 0.38336339276936
2601 100506497 0.270685058643581
2602 3780 0.34991507579316
2603 10653 -0.707570006566375
2604 5879 -0.543638246189168
2605 83548 -0.694505143252456
2606 79582 0.189789959482836
2607 8417 -0.608292506769152
2608 400120 -1.27211263113632
2609 64940 -0.689435755735071
2610 55146 -0.675000484368748
2611 51449 -0.908238977061352
2612 80816 -1.15511778211059
2613 2770 -1.06194335627035
2614 6915 0.497015858151883
2615 168507 0.174273111161284
2616 146057 -1.30542410334402
2617 203859 -1.0952795684033
2618 147719 0.156051930882393
2619 392 0.438584112049846
2620 148266 -0.538864402735703
2621 8867 -1.42123849741186
2622 3836 -0.758064181775712
2623 200895 -0.698370597722393
2624 5362 0.466134300419242
2625 26589 -0.729916120371567
2626 10486 -1.60470512165739
2627 374354 0.132035916820855
2628 11236 -0.652564244365974
2629 9481 -0.808839322243735
2630 23534 -0.431581872586018
2631 54566 -0.904905978535438
2632 29091 -0.631592041751015
2633 5184 -0.475055723547946
2634 51322 0.184875277840618
2635 54939 -0.302056602470894
2636 30008 0.862903332598993
2637 6405 0.802402638421669
2638 10285 -0.769407087837154
2639 151188 0.460556976142017
2640 5296 0.623802250624539
2641 3420 -1.05735158188521
2642 1889 0.523646783322032
2643 55677 -0.442342980139213
2644 200132 -0.81977655934678
2645 101927027 0.298350899207326
2646 149647 0.395293059342488
2647 23047 -1.0805620277107
2648 22874 0.30537664114866
2649 728841 -0.314835985985872
2650 2879 -0.576377821202035
2651 25825 0.645930811585088
2652 401220 -1.07301654901901
2653 9148 0.260799790142058
2654 51247 -1.14765292599712
2655 3184 0.219743018235485
2656 10299 -0.40804334078309
2657 196528 -0.716543055371906
2658 54469 -0.43653813976645
2659 79631 -0.489050293163922
2660 55347 -0.640597960830604
2661 7443 -1.04697970360503
2662 151194 -0.723095374998147
2663 5578 -0.481974298661155
2664 5816 -1.58903925075667
2665 388722 -0.561129764214668
2666 55568 0.390551892588785
2667 84243 0.404528742245944
2668 79026 0.264914131999559