1 1462 1.90909798386137
2 472 0.435887847416089
3 51312 0.933478245637741
4 57798 0.424588468476847
5 2760 0.601441053905845
6 8847 0.424381557729705
7 8425 0.992736322598536
8 25805 -0.975757918979979
9 50809 0.408934777401265
10 1004 -0.58253809183417
11 649 0.432682206480743
12 11165 0.497769358104173
13 79800 0.431372460037869
14 55758 0.63973969628425
15 54623 -0.348486837661431
16 8882 -0.324325557821872
17 29063 0.43268258278101
18 55281 -0.562068203475603
19 1979 0.507612552529912
20 7157 0.853566240955891
21 3669 -0.690167190553177
22 7042 0.96158511348981
23 4323 0.50687426957608
24 9230 0.453295746401476
25 9836 -0.287232204855494
26 8835 -0.369651077074778
27 55752 0.582330914686435
28 22944 -0.311949664205509
29 64064 -0.369345141019606
30 29103 -0.917514318093856
31 5916 0.32037387803422
32 81931 0.426225255954924
33 23543 0.548357113781165
34 51109 0.757213016579581
35 2005 0.968499563606466
36 10142 0.543196158854995
37 22924 0.582632229119144
38 2260 1.17111673971001
39 80144 0.527598672398184
40 23175 0.697412244035625
41 10672 0.620500246386906
42 55081 -0.36284897480385
43 7298 0.508812000766817
44 9957 -0.323624225280017
45 26043 0.370600820557828
46 84901 0.447065931388385
47 3308 -0.305905742379966
48 54529 -0.294744597404424
49 1856 0.313765997955309
50 23528 -0.454406596223003
51 7767 0.337051838203491
52 84162 0.72518790280154
53 25932 0.764103216017728
54 1796 -0.498010615620115
55 2852 -0.651614423571777
56 7122 -0.566725889923271
57 80776 -0.283564142417975
58 8837 0.529322764025874
59 51422 0.546299048683244
60 8496 0.712009287598661
61 5514 0.329056730459056
62 4763 0.476837609312152
63 3097 -0.302192641846521
64 5134 -0.443894269130222
65 6595 0.496227780194769
66 1241 0.457838654130702
67 8321 0.670192824693528
68 57599 0.341331202732113
69 5836 -0.460425141403256
70 7351 -0.787127532689457
71 10114 0.496571539843552
72 2170 -0.911379336846713
73 1386 0.573674494337427
74 4798 0.748031178663609
75 27229 0.505874681070715
76 23389 1.00339743878831
77 4850 0.422243395273985
78 4947 0.533970256553943
79 196403 0.296227268513718
80 10153 -0.313405902883536
81 23334 0.625862623805337
82 6546 0.358461579140757
83 23291 0.818559061470595
84 4735 0.460468049588004
85 79960 -0.477076178409806
86 4082 0.881382728731995
87 1432 0.550530060230862
88 64320 -0.378683702724598
89 1855 -0.258264758451862
90 388677 0.338046073312967
91 29889 -0.289286704116634
92 5295 0.712602616044922
93 7072 0.571612013507075
94 79145 -0.478326266894927
95 7498 0.550768674937869
96 10748 0.282208818597057
97 55052 -0.355762910060561
98 7095 -0.320465757782763
99 80254 -0.233988074224895
100 83480 -0.431073247638567
101 5649 -0.612796433559535
102 1399 0.390659544694977
103 24144 -0.25348255271418
104 59339 0.268648390238144
105 9260 -0.371016696408801
106 4967 0.377220754897172
107 1119 0.777212421533235
108 91754 0.693902470780704
109 4665 0.393948342657281
110 79155 -0.272252060641081
111 7755 -0.445406021147766
112 9921 -0.239806820745521
113 57446 0.940718564527626
114 6622 -0.233781113841553
115 4149 0.623848869663965
116 9790 -0.273594734741589
117 999 1.55670348103376
118 5733 -0.791149691174745
119 11334 -0.30349144319633
120 4088 0.549147497525797
121 6885 0.35147294017274
122 3841 0.322859682363476
123 6760 0.593933980725105
124 100505915 0.342577224370464
125 57447 1.14063411222786
126 10771 0.467935912817984
127 5048 0.797311201345976
128 25937 0.347616237584602
129 3633 0.209876069541091
130 23306 0.441308666132694
131 8028 0.845104633116567
132 81553 -0.481848032741429
133 26953 -0.274897413729899
134 3092 0.330385849218127
135 51668 -0.442999161100023
136 11011 0.230930850347407
137 26121 0.419453384494287
138 6239 0.573718749502285
139 6433 0.397653021509245
140 8289 0.595232939889932
141 389136 -1.40278292469071
142 10150 0.368189234972783
143 64112 -0.267066581951372
144 9912 -0.244159762632566
145 5784 0.511447353655912
146 2119 0.347228000132676
147 523 0.995735191203342
148 23522 0.325749453265218
149 2548 0.362894940814595
150 6166 -0.269867403043881
151 10948 -0.271533701607078
152 11066 -0.26125223219497
153 23263 0.363929287754416
154 23404 0.290154560262167
155 6208 0.549408072906731
156 8572 -0.248666980201753
157 54838 -0.30870218176771
158 8473 0.803782075804179
159 5979 -1.23312565875349
160 171546 -0.299462197423873
161 8202 0.410980076763856
162 392 0.606714182364078
163 80305 0.395039111062314
164 9315 0.76888745299009
165 220594 0.329816374186537
166 9331 0.432910210064984
167 6754 -0.259739156188614
168 6257 0.689429464910805
169 23598 0.528326679723381
170 10724 0.502850719681363
171 56006 0.446557109859912
172 23062 0.552869357233018
173 902 -0.252569980390934
174 3339 0.589875284193818
175 51479 0.876758244743136
176 63934 0.326227368846554
177 3338 0.591438365474398
178 79848 -0.569207045494442
179 9533 -0.28851120347532
180 9611 0.338726234961419
181 9779 0.607533349645177
182 5660 0.432591802424385
183 8621 0.539124183568702
184 501 -0.478710645397527
185 11237 0.574049597489315
186 8106 0.484506704811768
187 6944 0.265962279141004
188 10767 -0.232513617459825
189 7552 0.456941791392884
190 51042 -0.341172771687511
191 100526833 -0.367206302618488
192 24139 0.393137350230072
193 23185 0.451383632817924
194 473 1.48222107658435
195 5121 -0.837692229575145
196 4297 0.551495895432453
197 7247 -0.448423588427154
198 8705 -0.312035418503894
199 55312 -0.297946241814859
200 23367 0.416546046875345
201 3840 0.839730482625253
202 55643 0.450071789134393
203 9541 -0.383914091695777
204 79080 0.405757111534815
205 1911 0.426578923351657
206 10668 -0.434594323409193
207 55657 0.437219159594227
208 4841 0.744104206146707
209 2896 0.257577698287371
210 1277 0.605131947829312
211 8626 0.512243148278649
212 55768 0.448471784531151
213 51616 0.960696155792749
214 339229 -0.32242983150718
215 6654 0.4747474156297
216 3140 0.301126384636187
217 1147 -0.279612765788819
218 11309 0.353559781086334
219 8934 0.408940324888986
220 256227 -0.235927215901828
221 405 0.371137739451081
222 7378 -0.397045393135492
223 64783 -0.344141670612387
224 3177 0.490063388679422
225 10611 -0.424085212123445
226 23473 0.448433846018457
227 1857 0.725219201875259
228 10998 -0.389753848167105
229 2042 0.74267186612239
230 4163 0.303208875528973
231 55957 -0.420860322303572
232 5364 0.857460162950188
233 4584 -0.323712808632863
234 55246 -0.273431664565356
235 3204 -0.279028971314906
236 7020 0.776408097989329
237 7078 0.582077181826367
238 2006 0.219131630786899
239 4863 0.335721045333773
240 2909 0.263750653986469
241 8573 0.470523708941089
242 678 1.60705510119385
243 10051 0.434303378043783
244 4884 -0.518352781499995
245 729991 -0.43468600523727
246 51029 0.196603889895109
247 9875 -0.451628926162963
248 4076 0.693907633865585
249 8295 0.869247908115995
250 23192 0.282051923707638
251 7402 1.1657092841417
252 9669 -0.512519694321478
253 91442 -0.260515104315886
254 11099 0.273635092527575
255 23646 0.460686293155812
256 8775 0.641149934151288
257 8301 0.528082084719725
258 80737 -0.242926930513629
259 27043 -0.292876589501141
260 7204 0.635460614004285
261 79085 -0.418253411898108
262 2527 -0.241798338779956
263 81892 -0.437904886714913
264 6002 0.402501441441308
265 200316 -0.520867244279253
266 9725 0.67720428503225
267 8685 -0.435973326993816
268 23039 0.943737407951155
269 79609 -0.237070261882071
270 8394 0.736667627867366
271 63916 0.667485585667061
272 4363 0.342823188317377
273 55277 -0.431628017118401
274 23383 0.269936320878205
275 2280 0.802462027887794
276 4836 0.455244549614916
277 93081 -0.445013606628644
278 59307 -0.391683768464166
279 8702 -0.306730315308576
280 9788 0.290226995153382
281 2803 0.752879566340013
282 7881 0.377567675711115
283 9372 0.353097371545397
284 10147 0.354211667765995
285 55191 -0.316576570630408
286 55049 -0.710395392805101
287 5688 -0.490142661818181
288 56731 0.311647999875046
289 752014 -0.249671329309981
290 9289 0.653321597324609
291 950 1.0143494729827
292 83475 -0.436083479014173
293 7024 0.467291529882797
294 26173 -0.299643678937899
295 23030 0.267617368911676
296 25820 0.581669429583574
297 8776 0.883725248977608
298 29 0.603337110212252
299 9016 -0.218001058713163
300 10105 -0.282157010201551
301 6683 0.596364998644764
302 55916 0.637782991635731
303 1994 0.478897725112946
304 9086 -0.428318377903281
305 2969 0.838814549489119
306 1739 0.765861124630753
307 642 0.180301491875957
308 6518 0.848632229637709
309 80764 -0.343653983693603
310 406 0.494368068780284
311 3643 -0.451925978517037
312 23683 0.285276991824774
313 8019 0.740519810040499
314 3964 1.01088894595102
315 347733 -0.395045568018061
316 6426 0.731095679553343
317 115939 -0.28177881873758
318 1385 0.301781246390892
319 1186 -0.272826650241912
320 3796 0.283473001851068
321 6655 0.742118211465237
322 316 -0.913788052805687
323 5380 0.429173434248263
324 5589 0.229402059964251
325 4689 -0.203289718605946
326 396 0.354819133010076
327 23210 -0.361018639065911
328 114791 0.314033319602329
329 5678 0.297800091510642
330 6238 0.414879349271111
331 25906 -0.398038963493416
332 23759 0.267912218990769
333 2035 0.222830544032978
334 5303 -0.422184234015344
335 79726 0.359618433891602
336 25836 0.489750618457686
337 2683 -0.311010415099487
338 2799 0.666430570516052
339 26099 0.41360042111292
340 9360 -0.344799432612818
341 8227 0.386876358130389
342 51020 -0.300969979275989
343 26036 0.360400023079031
344 5612 -0.210167331277225
345 60 0.736562400302684
346 64793 0.332077078722859
347 8450 0.374379603912697
348 56928 0.447391098639883
349 1398 0.606329483572612
350 24149 0.307822129322561
351 141 0.203936542012059
352 4291 -0.655949456589899
353 7534 0.681335882263625
354 22998 0.594316146364363
355 10200 -0.279079898992249
356 56895 -0.363843234417287
357 23780 -0.437527463869493
358 57050 -0.240627166867776
359 29916 -0.219298685913804
360 3552 0.268796115455343
361 6302 0.529532363061117
362 5757 -0.421331880875794
363 6609 0.456872188018284
364 10913 0.38912892290658
365 29115 -0.169527628274892
366 5580 0.703350751373023
367 9812 0.330884155646258
368 7531 0.874507004542051
369 521 -0.423204678220676
370 5202 -0.353352861403264
371 4927 -0.315711220224278
372 7164 -0.296400694150954
373 7088 0.443429776351329
374 4154 0.777637579604331
375 22897 0.233525335407707
376 10640 0.831973438760492
377 9927 0.834388161554196
378 51533 -0.253069093856577
379 9454 0.461976696252183
380 4772 -0.281739584263399
381 833 -0.328393287255087
382 54805 0.235241169938902
383 9934 -0.72919101193425
384 57140 -0.279050333307205
385 5536 0.639262996395852
386 9475 0.373474177474301
387 27183 -0.203742292146551
388 23154 0.219080830139314
389 114034 -0.281856350301604
390 3850 -0.214378345090164
391 5634 -0.555256040158596
392 2976 0.455635608730425
393 8910 -0.818772105569808
394 1968 0.840934239658157
395 334 0.556429987161167
396 124044 -0.415461322481488
397 51366 0.344952762428838
398 11047 -0.197336902637543
399 25978 -0.35217105834384
400 2049 0.544558591341155
401 84818 0.844441688781913
402 1629 0.647851667583033
403 163590 -0.266371309669596
404 10314 0.429524567758317
405 813 0.760169396270163
406 2959 -0.325676419412749
407 57223 -0.274686202418551
408 26470 0.938256000147483
409 1017 0.378638998159802
410 5564 0.65870088252808
411 2590 0.300191964668278
412 56834 0.247978420708316
413 7352 -0.256368577712774
414 9878 -0.244015956455057
415 8867 0.367356488916309
416 27236 0.602245445645141
417 10288 -0.33572707814641
418 10085 0.500567876067458
419 5586 0.254707764921717
420 4232 0.568789721411926
421 51329 -0.350291439307874
422 4853 0.839293797616536
423 4802 0.237333609322186
424 8500 0.620420858436836
425 9169 0.400843101165002
426 26589 -0.309099589380114
427 9898 0.307718225189786
428 23253 -0.470702409244318
429 2934 0.567946516694299
430 55715 0.237993468077592
431 528 0.360254551702548
432 22950 -0.240604160592747
433 51053 0.601545043658867
434 56945 -0.253958272825518
435 4285 -0.746067575561394
436 23410 0.206789927186778
437 4799 0.427203549962807
438 5710 -0.39841703201181
439 9443 -0.263107003968219
440 11143 0.24175950954352
441 22907 0.277444332393568
442 54970 -0.380649091005159
443 11083 0.22559509375202
444 5599 0.463772502543295
445 22809 -0.22007025533509
446 83743 -0.196413323788732
447 64847 0.334677078754362
448 726 0.331886883527676
449 9814 -0.259033489199628
450 2521 0.502614348881501
451 51322 0.861885382276377
452 81839 0.540451991374292
453 6443 0.291301260192069
454 80167 0.432792887997393
455 9128 0.643572920795885
456 10425 0.344335412411096
457 1457 0.53458021842132
458 10826 0.333346841315842
459 27069 -0.284038241209089
460 5829 0.360252782829549
461 10614 -0.316080480111175
462 9693 0.592675890599514
463 4698 0.337200237213132
464 30836 -0.243614988887261
465 6623 -0.576278285187643
466 5007 0.581370069187955
467 9275 -0.261674793239898
468 811 0.508679708054323
469 10499 0.821495860908716
470 1200 0.549827800892907
471 1663 0.241181279656006
472 889 0.290123623295097
473 26100 -0.357566701394715
474 3141 -0.305875002177465
475 1995 -0.387899342224632
476 26092 0.42689854330247
477 152 -0.879772307148486
478 8558 0.654794045792799
479 8826 0.220864520460786
480 79137 -0.188825290481139
481 10001 0.409984457384452
482 7596 -0.254791198293469
483 51313 0.831474071015341
484 5928 0.527305184261561
485 8994 0.611585414237746
486 6602 0.226356010897059
487 22880 0.322325273677503
488 2665 0.58623732340409
489 54676 0.263705061796984
490 7249 0.463821270877371
491 146691 0.434500507059558
492 5607 0.362967352449908
493 9948 1.19805457534284
494 10565 0.711373804163124
495 3500 0.266866638974664
496 5087 0.375455376052082
497 54433 -0.208881684390677
498 81669 0.387364710515715
499 6773 0.497369981009586
500 9736 0.782131140795718
501 1605 0.611652604947147
502 23060 0.220062576277022
503 5004 -0.718612768584149
504 157922 0.268389277865846
505 10613 0.853854563128642
506 91304 0.967960070798203
507 6599 0.527859090287679
508 64771 -0.342503535705191
509 3298 0.212044110221009
510 57104 -0.205309067019778
511 9887 0.349912939846086
512 2794 -0.331269229167728
513 3364 0.257586501211876
514 65979 0.469029849913385
515 100129361 -0.307597239547867
516 4361 -0.245441664349759
517 2800 0.37477879565307
518 5452 -0.235602008824586
519 23271 0.291471088981162
520 5523 0.223668371992365
521 2011 0.703933047740422
522 80757 -0.389705434042496
523 54521 -0.368949547103254
524 8805 -0.267195306061113
525 64172 0.228148647485701
526 9019 0.355076873276934
527 54843 0.624399437219864
528 54998 -0.312470192050258
529 7268 -0.228079787732092
530 5792 0.428061996234697
531 10075 0.384911357924988
532 23354 -0.241579366466479
533 514 -0.301524830356808
534 91782 -0.295696552787929
535 51035 -0.275471233419813
536 8732 0.456415476819839
537 8398 0.367827487129495
538 9046 -0.250550793470233
539 4861 -0.310331986070429
540 10420 0.520241025407204
541 10945 0.813084067270569
542 4924 0.77274629211106
543 55275 0.398203655931122
544 27252 0.465061497104424
545 23193 0.391290421816686
546 51754 0.20851267845411
547 8539 0.593651692752401
548 1396 -0.847546581972471
549 10629 0.496145386212858
550 27436 0.892004024898402
551 8675 0.563742256414104
552 9587 -0.214517354423577
553 10746 0.486439594737075
554 54925 0.177953233791682
555 5756 0.948494583498172
556 8131 0.45026976453311
557 10418 0.945752608539499
558 4857 -0.596548738516787
559 26085 0.259632921364783
560 54856 0.270693264768448
561 7358 0.570890265736377
562 6714 0.479765423294312
563 23299 0.550331715004853
564 8773 0.749425576005988
565 50814 -0.337218184386954
566 23118 0.624671056987854
567 1140 0.223429442614885
568 1416 -0.250340594879736
569 9826 0.5661020000987
570 23139 0.500603078328314
571 5892 0.531063201085919
572 8411 0.346797920878452
573 730051 0.716920244032576
574 3482 0.420810590620825
575 53616 0.301975801278848
576 1306 0.510096017535107
577 775 0.29669358398675
578 80310 -0.650702552951445
579 90379 0.42060302676644
580 23190 0.730987428116478
581 3563 -0.198619106625705
582 650 0.805738752330176
583 57157 0.383422345439214
584 55054 0.511423958130016
585 55325 -0.252475000031628
586 8315 -0.288646822670338
587 3916 1.00875634977181
588 85021 0.617742636799321
589 55000 0.430345986634086
590 4660 0.49107830052745
591 11075 1.15493602857816
592 6390 -0.304748279414477
593 4144 1.29392950678171
594 9968 0.234629676415199
595 8886 -0.34927370752423
596 51360 0.41575609566341
597 59 0.386570199437307
598 79875 0.864585843866122
599 3187 0.241394177558021
600 6777 0.435815033153834
601 55573 0.80971946949114
602 54962 -0.257527312711207
603 80258 -0.604961060967424
604 6619 0.414716253521629
605 9092 -0.254816457484544
606 3550 -0.226430438506487
607 10139 0.50665671169601
608 4254 0.304007819961263
609 7518 -0.272841789654559
610 11103 -0.256084105014205
611 1209 1.00209444294593
612 6480 0.977205194423482
613 4214 0.387767163570065
614 10752 -0.986273801814797
615 51351 0.26329449985479
616 10572 -0.450938154156262
617 1284 0.934875454254625
618 96764 -0.159910785998134
619 57326 0.388636361922352
620 25970 0.278223677222687
621 2791 -0.651510813325345
622 100129250 -0.275849780387238
623 84193 -0.162801866507024
624 54498 -0.356056269102812
625 6722 0.253050963835224
626 6659 0.495954867811681
627 6046 0.372490320252879
628 5203 -0.350662023083464
629 80012 0.364048521459363
630 8840 0.256655356127593
631 5689 -0.200895177715195
632 4233 0.433551257941397
633 6430 0.765911850392437
634 1783 0.346833359959731
635 2717 -0.30051043963128
636 7561 -0.317433846267726
637 7389 -0.390502758396142
638 51759 -0.253362452815528
639 4221 0.438539429704617
640 2778 -0.269131051315027
641 7112 0.424490136076094
642 8780 0.767470544287828
643 9337 0.403832710442789
644 2200 0.624339187245348
645 55794 -0.242992622183102
646 10137 -0.292796758437326
647 7586 0.514928494320772
648 1314 0.387817488901254
649 10963 0.92971102483387
650 26355 -0.257808233245592
651 90326 -0.222909245185273
652 26017 -0.232308225972744
653 3551 0.520073448917255
654 1949 0.572588046367341
655 741 -0.278196476583023
656 8556 0.370194147285319
657 9777 0.59315725471412
658 22953 0.237772431985629
659 9141 -0.391317975480179
660 10827 -0.185941843869243
661 22838 0.320661211144389
662 79571 -0.202660874160575
663 5573 0.494194953506764
664 9040 0.448524391299927
665 55233 0.326292995936326
666 79719 -0.233452263986639
667 4796 -0.264297021384353
668 51164 0.556547631531462
669 6296 0.853474402260563
670 7542 -0.336655905701052
671 2029 0.671531853650045
672 79692 0.418788444148065
673 633 0.399325362398563
674 5089 0.223483882227048
675 4176 0.36248756979393
676 51343 0.307556737492544
677 5987 0.529758393915781
678 55007 0.485028714154456
679 1350 -0.294344437861115
680 23089 -0.818560380341569
681 657 -0.272593767312339
682 1487 0.158918040307571
683 4928 0.605414109436587
684 7474 0.555281015288688
685 57130 0.306344926515532
686 23530 0.434769448904526
687 7529 -0.210700781081592
688 6450 -0.729650805183457
689 6484 -0.32683246722303
690 5905 0.617326231534083
691 8448 0.204467341599986
692 9341 0.900037080513004
693 57403 -0.224603432294428
694 5605 0.60273719160698
695 283491 0.284545160745095
696 29080 -0.316078736060486
697 11102 0.235079534364527
698 9813 0.542619998823842
699 26118 1.19142785748804
700 10084 -0.302504010149364
701 23001 0.279771251362695
702 7544 0.501407303338242
703 65018 -0.322232742355741
704 11020 0.310336615720944
705 9802 0.654425716884223
706 4053 0.439878958041591
707 91373 0.477925975531194
708 9542 0.400537314165186
709 6392 0.217280037617251
710 23424 -0.306534530586865
711 513 -0.314519007017486
712 5700 -0.224699827743075
713 30000 0.256788533841505
714 440792 -0.21758850998094
715 4782 -0.466940020553798
716 894 0.328414380619545
717 25959 -0.188709731617879
718 84859 0.20713344553838
719 440434 0.286290816051801
720 5763 -0.281639176257636
721 9464 -0.357494443955182
722 51513 -0.324485314833029
723 5298 0.468480555059685
724 10935 0.489303459463797
725 376412 -0.278253183091645
726 9673 -0.215571769160259
727 7475 0.31240449071678
728 94104 0.325572580968782
729 23160 -0.249782489165741
730 1775 -0.176709886318529
731 28990 -0.448055075433766
732 256949 -0.374805882382026
733 55654 -0.245326679412724
734 5518 0.283288508953765
735 8896 -0.333782690799746
736 26232 -0.440945744108154
737 6934 0.449044472782301
738 7381 -0.225823349632567
739 9422 0.291164341456961
740 90204 0.150796605845455
741 27090 0.250770330503109
742 8190 -0.224923034794985
743 9446 -0.325418877201395
744 10351 -0.42179348254019
745 9553 -0.265995848962895
746 26058 0.217182453765197
747 3183 0.492362678639727
748 1819 0.472095517559223
749 60672 -0.213755622408272
750 56683 -0.278597715367971
751 10061 -0.191286503814163
752 8899 0.807600334919497
753 55900 -0.216628253194338
754 283871 -0.221826572563684
755 57794 -0.22431821142621
756 80019 -0.263879756928396
757 55344 0.187966995871415
758 4204 -0.233760425695602
759 619505 0.40513884747983
760 2733 0.456693567182527
761 92595 -0.170744671132334
762 51574 -0.341355967047113
763 11051 0.503760186908783
764 6732 0.576267771203086
765 2752 0.879520053071044
766 1388 0.263401868979476
767 9778 -0.3425113849604
768 23142 0.354404401213089
769 1654 0.808654273948218
770 126208 -0.276312337474631
771 29058 0.485929415824733
772 3572 0.837254574698512
773 55353 0.513398416948041
774 2023 1.49084531424047
775 29781 -0.25299752224278
776 826 0.335293326370694
777 10667 -0.340990149371851
778 821 0.40893223195404
779 790 0.562133848430726
780 3299 0.251271436089441
781 2853 -0.194636719540016
782 108 0.299210612422224
783 7862 -0.264420079532172
784 6809 0.393508989627396
785 80025 -0.231686572193567
786 26959 0.6116611227789
787 8644 -0.677792867632221
788 6608 0.280617045553076
789 7175 0.287201812645346
790 100128124 -0.161459702732976
791 4209 -0.232299930733384
792 8993 -0.167375775975005
793 55227 0.314530074894863
794 10277 0.65201059585115
795 7328 0.331857815751336
796 150726 -0.203907420764054
797 23765 0.165355857908501
798 444 0.360326821176297
799 9747 0.559378258137974
800 51433 0.802068042742017
801 26277 -0.157764864718727
802 5354 -1.38508406307767
803 80219 -0.325285436328731
804 29028 0.499879979154132
805 4712 -0.253633579793789
806 2597 0.847633699838278
807 54442 0.459951850635703
808 10959 0.73408307900927
809 1565 -0.227137829799855
810 9975 0.568323489426724
811 51495 0.802185342697737
812 89910 -0.26019716247567
813 56114 0.230589195233127
814 55194 -0.396228799620858
815 5578 0.202446076781364
816 5025 0.649723065090093
817 51592 0.25098461688057
818 6939 -0.428182577614398
819 81611 -0.293612285582527
820 10217 0.25545144949891
821 80777 -0.20739608863966
822 4360 -0.634114530988676
823 56259 -0.376308265248968
824 50488 0.222238277056873
825 51065 -0.25060277269813
826 2874 0.279243520199854
827 10426 0.303402025271535
828 51024 -0.262823601354006
829 80213 -0.178311826569885
830 51070 -0.384161696105149
831 5962 0.338839982657825
832 6240 0.537307937900407
833 100616497 -0.158341430478108
834 26238 -0.291113428110706
835 5976 0.405278117985169
836 4714 -0.338298236008278
837 1660 -0.161546864926839
838 10772 0.485579533711139
839 1318 -0.265334369359606
840 84271 0.58007901203263
841 439 0.4093666315598
842 6506 -0.177976634734246
843 3030 0.266464664537352
844 901 0.645957924952679
845 5886 0.309315601962522
846 6878 0.163725448730958
847 57827 -0.205901482847085
848 22854 0.314973627349576
849 23358 0.316647366687638
850 55850 -0.296262257441029
851 27286 0.224540461861346
852 10765 0.379877919778735
853 11025 -0.258291866150663
854 8495 0.344362758983813
855 2658 -0.171209074844063
856 3301 -0.306625431429998
857 5591 0.587667667603487
858 9993 0.409875990886403
859 3280 0.561075155094146
860 10302 -0.274575173581725
861 1777 0.438637801848873
862 823 0.504408076975116
863 5438 -0.240289189302249
864 23307 0.151476311462945
865 4752 0.431444702782005
866 54332 0.263849030264228
867 998 -0.248427138028495
868 9557 0.409089967372477
869 267 -0.30124784101263
870 3609 0.359941808971437
871 55805 -0.250753684824002
872 113177 -0.275927672592484
873 29923 -0.268298156836616
874 25983 -0.205035901046363
875 8763 0.848346534519937
876 10243 0.478071489113515
877 84549 -0.184694374626336
878 79572 -0.253818832158601
879 5781 0.496377127955912
880 6892 0.307191966317935
881 126321 -0.406136926267991
882 23505 0.277041270755113
883 4713 -0.17190265450415
884 9931 0.218496949212623
885 318 -0.325273248277345
886 5434 0.756496584058727
887 6778 0.672709153795314
888 6103 -0.219912587687262
889 55334 0.620233627869405
890 5359 -0.437649337362815
891 100129482 -0.307554078851473
892 55658 -0.180153522848236
893 23223 0.233804183196223
894 4647 -0.224865352429644
895 25852 -0.301561328909814
896 9365 -1.29895657125951
897 5393 -0.282162411636921
898 3691 0.532610458049026
899 51619 -0.30723189320928
900 10623 -0.238762043457761
901 10174 0.39975914704616
902 54870 0.177102981926812
903 27130 0.307233294839969
904 5375 -0.26434705692418
905 22826 -0.302732943188723
906 6527 0.212806729960763
907 4586 -0.221869287663479
908 58517 -0.73084656457727
909 54964 0.601392093913311
910 843 0.164246624681686
911 79979 0.632220735767216
912 51191 -0.457260374923361
913 29071 -0.308860059286443
914 117178 0.290983565570101
915 10526 0.267463737292964
916 7594 0.348484028712653
917 441263 0.310716009418226
918 10152 0.27975931268884
919 1362 0.753090480033732
920 6165 0.304123999309965
921 80143 0.269325723293545
922 90861 0.488839760161258
923 51593 -0.141747981770697
924 2475 -0.215531083868111
925 7443 -0.41901043041211
926 9263 -0.242643288449566
927 7979 -0.254853687227561
928 5810 0.25454594296254
929 55239 0.146308309501935
930 7347 -0.296090889165228
931 29097 -0.307560966846784
932 23524 0.641294652785117
933 5331 -0.202374156583977
934 1440 -0.219803914706493
935 8260 -0.306802219040852
936 54471 -0.199818902665056
937 125 -0.265623165049906
938 8553 1.33234429344812
939 57612 -0.224550641472092
940 64398 0.373998462736786
941 54952 -0.378775456404735
942 9139 0.524726244767233
943 1984 0.766804862747627
944 10795 -0.385571295015728
945 4781 0.684613889020482
946 5098 0.391575688846188
947 5824 0.166238702158926
948 9107 -0.236220745394556
949 23265 0.385435216560163
950 10714 -0.242349101653577
951 25941 0.284249562829299
952 488 0.48113456749385
953 204851 0.507087227231632
954 51118 -0.303919625987708
955 23235 -0.310475590789044
956 643641 0.300269230451097
957 598 0.518209933890573
958 23381 -0.182223270520709
959 11245 0.454021292603072
960 10078 -0.257031835479856
961 26750 -0.512036308394745
962 1291 0.585291030222797
963 56652 -0.240030997901874
964 6637 -0.278447830911047
965 9848 -0.852916617692584
966 6949 -0.314717384664749
967 5435 -0.329147953538795
968 2359 0.205749893486439
969 8030 0.622219658528092
970 2783 0.366199407670496
971 2171 -0.712291636483199
972 80035 0.42323471842391
973 3069 -0.198579186331488
974 51016 -0.223703353688499
975 1349 -0.233416410713499
976 79927 -0.300443158914098
977 51716 -0.368359007379101
978 2549 -0.284012002224512
979 389524 0.243558109115779
980 10013 0.27391376894
981 22887 0.331012698869852
982 10544 -0.405953480917687
983 58487 0.469832764287361
984 8402 0.388789911452992
985 54629 0.644327412224825
986 5140 0.52618591436087
987 146562 -0.152946017065314
988 8660 -0.588710344933883
989 10311 0.272749094479766
990 79774 0.179450061915917
991 78996 -0.158468902745026
992 85352 -0.521950292748798
993 55280 0.193366001568017
994 9757 0.425471627295828
995 5889 -0.2947019993964
996 11140 0.398759120804577
997 1434 -0.271661267008199
998 6626 0.161919138105423
999 1496 -0.209316274780834
1000 1196 0.367155730602301
1001 9057 0.444806602980886
1002 10181 0.295163985902484
1003 51150 0.251403130185034
1004 54737 0.756894045647707
1005 8498 0.256946504950346
1006 81608 -0.203271823844565
1007 51575 -0.634853138116062
1008 10058 -0.214330931596679
1009 5638 -0.321799410322545
1010 55432 0.200234353946651
1011 27238 -0.252093839310104
1012 5239 0.588613546868042
1013 1272 0.694101393570861
1014 949 0.399655924426716
1015 8073 -0.388025903480377
1016 5878 0.452832843026766
1017 64427 0.304663137880455
1018 54556 -0.324111336967595
1019 26993 0.233557252477
1020 7403 0.458284886934195
1021 7048 0.396311384786013
1022 2317 0.524469703218463
1023 23218 0.443291802411176
1024 2072 0.270177397130885
1025 10928 -0.490885787294388
1026 9184 0.246051644970294
1027 11344 -0.323716694344131
1028 5256 0.189297088059472
1029 3998 0.850252466170685
1030 8648 0.220889064692604
1031 5927 0.280169023936883
1032 7257 -0.177111850980236
1033 5335 0.229037521532679
1034 3425 0.612504554379283
1035 8676 -0.14403369245399
1036 55667 0.230520600882365
1037 23224 0.733902319968506
1038 10966 -0.204563428752786
1039 801 0.510843644505266
1040 65220 -0.187171644006408
1041 6923 -0.270830871039395
1042 55870 0.383043891213639
1043 8631 -0.362069193347728
1044 63874 0.174768238414181
1045 29083 -0.308081115554954
1046 6672 -0.366532847587527
1047 954 -0.167709737680004
1048 27324 0.811552619423956
1049 8794 -0.223937146746739
1050 23369 0.203872604401868
1051 832 0.402259290516524
1052 10211 0.419000188847251
1053 8735 -0.185281788995387
1054 9125 -0.210922595758824
1055 4849 0.307274689741662
1056 26610 -0.199135984205409
1057 4664 0.525559069650068
1058 7916 0.177379487892889
1059 1508 0.643487038201901
1060 79568 -0.214832163544756
1061 64423 -0.190694003089051
1062 25875 0.191270325183282
1063 9618 0.670058159381155
1064 5868 0.855667434635815
1065 3692 -0.224554530669366
1066 84619 -0.298594328706216
1067 29924 -0.210692786887971
1068 9581 0.574146726148525
1069 30835 -0.305188892360285
1070 22994 -0.204367768184678
1071 9317 0.436313464440595
1072 10411 -0.391436237874087
1073 3984 -0.226486980940066
1074 4627 0.425043155946256
1075 80746 0.413811435423232
1076 24148 -0.203000723139168
1077 23405 0.690398494027024
1078 2116 -0.266865856477274
1079 5296 0.192145351523575
1080 6366 -0.801115822097034
1081 55972 0.397063388195542
1082 1469 -1.14263337538263
1083 1545 -1.13005498698451
1084 23636 0.240360407394969
1085 9860 0.257949175235938
1086 10490 -0.220372008589795
1087 5699 -0.413229626248453
1088 1285 -0.159197907297101
1089 463 0.517387175520692
1090 84861 0.443851142071593
1091 23650 0.7662224196975
1092 79050 -0.152267809932573
1093 5346 0.268944629574112
1094 10116 0.188773834940586
1095 27345 -0.294446588677964
1096 3597 0.66861241476412
1097 84820 0.230790636088423
1098 10280 0.413136389816036
1099 835 0.144287927382251
1100 6464 0.58044360263015
1101 5970 0.671518868998934
1102 10894 -0.832194397657489
1103 55308 0.34491293897694
1104 55616 0.372860285853635
1105 7026 -0.363275785373499
1106 5885 0.384189938386085
1107 57062 -0.655014710769949
1108 43849 0.298603518726637
1109 5297 0.27629269198758
1110 1776 -0.359224472724764
1111 4000 -0.425112939503837
1112 665 -0.438952358903437
1113 831 0.286071331187697
1114 55290 -0.244869855845337
1115 4208 0.242579240856996
1116 8549 0.298004197729312
1117 26469 0.37194596131009
1118 9470 -0.261946137445097
1119 8772 -0.244634864729619
1120 56949 -0.283898464142379
1121 25897 0.243274035873844
1122 25926 -0.180723944712737
1123 6259 0.197615650681088
1124 4242 -0.275540874195789
1125 8785 -0.294083568624896
1126 11104 -0.29168677775943
1127 9535 -0.62021879486911
1128 51693 -0.356223557407059
1129 27291 0.252586525157827
1130 1965 -0.205842059368921
1131 590 -1.21084494942684
1132 2314 0.47830232056554
1133 23643 -0.409468575793401
1134 3337 0.54178554137656
1135 5627 -0.466013246459889
1136 4982 -0.384289581161571
1137 8751 0.318492288646308
1138 755 -0.193405894414076
1139 25980 -0.232617465228694
1140 4222 -0.532991675908771
1141 1956 0.512352962812131
1142 654 -0.158811995799098
1143 27258 -0.236588011689546
1144 2643 -0.494713315997728
1145 7404 0.332129990889758
1146 7082 0.485726386668733
1147 27005 0.278373158531464
1148 56139 -0.242491536610014
1149 104 -0.277016661114925
1150 5675 0.179503260313047
1151 5316 0.140834958639645
1152 837 -0.324827744274945
1153 400410 0.36296000101767
1154 54905 -0.188508222418541
1155 2776 0.319873416830919
1156 11056 -0.295760870293314
1157 8630 -0.568976819198523
1158 56942 -0.481210388923921
1159 81856 0.167278710014457
1160 10266 -0.276898690021388
1161 7465 0.711949580228916
1162 80267 0.609813631605254
1163 27239 -0.229095834622504
1164 2936 0.621475450027524
1165 131566 0.272402123073181
1166 27292 0.43331061288659
1167 8560 0.321606082621324
1168 26135 0.425125784535821
1169 23347 -0.243075599147648
1170 27247 -0.238828324634692
1171 203069 -0.242651538176876
1172 11108 -0.19692227478674
1173 9196 0.191068924242312
1174 7434 -0.247630120510254
1175 9987 0.144907289556439
1176 23232 -0.277792494324807
1177 27077 -0.376463400199873
1178 93974 -0.297448716313287
1179 55876 0.273890507448026
1180 6095 -0.680615595688094
1181 64940 -0.354830657267665
1182 79169 -0.211340684957882
1183 10914 0.35726265466139
1184 10813 -0.26516865013863
1185 3570 -0.306998592465314
1186 117246 -0.175657083415143
1187 79788 0.210636804651017
1188 5718 -0.307848778601768
1189 3799 0.431366122532156
1190 6452 0.204306680705023
1191 23116 0.200748360670538
1192 79980 -0.251039054666758
1193 8165 0.394021537815709
1194 90480 -0.420955436275315
1195 6776 -0.291178269287853
1196 5813 -0.412149802476634
1197 4837 -0.777109651011692
1198 3263 0.319883413974052
1199 22 -0.194064032074211
1200 8976 0.319009916619962
1201 1390 -0.598484345749863
1202 23550 0.583019660313355
1203 2002 0.279291047359123
1204 10093 -0.386573533573941
1205 1031 -0.320728541762724
1206 942 -0.344525060391546
1207 246126 0.512723953296238
1208 80205 0.170209975022159
1209 25790 -0.233408552156445
1210 80765 0.308324954229507
1211 4835 -0.239851529280756
1212 23034 0.174869680493098
1213 2902 -0.252251390935865
1214 253725 0.182854118761087
1215 2542 0.468636415388875
1216 3270 -0.564189810853432
1217 10494 0.177559870135093
1218 26298 1.24052349209543
1219 162 0.25017428224886
1220 9841 -0.265270721951798
1221 4952 0.528717971229948
1222 64431 -0.193542100070943
1223 55110 -0.305762651144979
1224 64848 0.289353301169621
1225 2551 0.38303004875216
1226 29107 -0.242415724588888
1227 59286 -0.261406635525793
1228 2348 1.21264511761509
1229 25960 0.466865205564091
1230 7485 -0.26401733300211
1231 2194 -0.233516044552545
1232 10000 0.234055695816666
1233 5663 0.718245648427938
1234 23220 0.337320156120722
1235 6309 0.612951760355571
1236 5094 0.213819096167169
1237 3326 0.426995673597096
1238 8499 -0.272836301132577
1239 10580 0.613592688025395
1240 55669 0.409659695710802
1241 23213 0.443801500070657
1242 339524 -0.384097180829674
1243 51806 -0.170057656385412
1244 79608 0.349640428447199
1245 27102 0.241183366663417
1246 996 0.239423036275529
1247 830 -0.314761023968734
1248 10154 0.28397773875802
1249 23336 -0.209731614349611
1250 9356 -0.199597569596646
1251 9730 -0.261535265569925
1252 1845 0.31652671348417
1253 6339 0.24338604343052
1254 3980 0.422430894097507
1255 10201 0.230017132276183
1256 56656 0.14862553893662
1257 9401 -0.474471977713058
1258 1523 0.266191345149291
1259 3933 -0.14950159225541
1260 10495 -0.234367325041848
1261 54386 -0.32322623811913
1262 6945 0.459219069484226
1263 9415 -0.616299739910975
1264 80020 0.449805144750784
1265 63935 -0.27303807123289
1266 3157 0.721601127832562
1267 23549 0.301490762077488
1268 4883 -0.651300781761605
1269 22877 0.413917475130084
1270 8565 -0.182188321021592
1271 5563 -0.325368753226883
1272 4719 -0.230631011851784
1273 55854 -0.170933793586364
1274 23122 0.180600206662019
1275 6476 0.724987268271038
1276 64816 0.245082699644172
1277 3101 -0.140917334328164
1278 10273 -0.166351193858418
1279 4201 -0.335002950700392
1280 22874 0.295282410882916
1281 22881 0.252145409635157
1282 224 0.773208617057223
1283 79734 -0.387635437772858
1284 10768 0.386512248357602
1285 51715 0.490610419169116
1286 55840 -0.754974042782521
1287 1230 -0.527270991426998
1288 4179 0.744889618438624
1289 3148 -0.178142643983254
1290 171023 0.277186189063457
1291 64405 -0.276141861756601
1292 2532 -0.432956835858738
1293 79906 -0.181800867214133
1294 347 0.459010684730346
1295 10652 -0.159568379910629
1296 9522 -0.263719377057326
1297 55779 0.395596508671874
1298 11183 0.329561370906351
1299 23428 0.469916428439657
1300 10421 -0.25699736515104
1301 440352 0.158801133399374
1302 7057 0.474795893640115
1303 79939 0.26730089066565
1304 8620 0.427588690269316
1305 6834 -0.274617323940721
1306 7172 -0.258953965788685
1307 5534 0.193014505419026
1308 2908 -0.305615058464852
1309 56905 0.224172537134288
1310 23503 0.161131081403742
1311 7802 -0.73222325189231
1312 29763 -0.194126093873236
1313 28952 -0.27341983564388
1314 79807 0.184529831792137
1315 55907 -0.313812003970117
1316 8624 -0.260598322462815
1317 1635 0.487702344348033
1318 1785 0.298397060190982
1319 22889 0.235080607473334
1320 222658 0.463793059240708
1321 9112 0.449325644383769
1322 64123 -0.547032274847039
1323 4301 0.546733832788857
1324 23215 -0.366152559222433
1325 9397 0.188769727858418
1326 58513 0.28493698152251
1327 8905 -0.355749257145193
1328 9200 -0.468514918849783
1329 9843 -0.17189133389151
1330 10974 -0.891081663198298
1331 7332 0.19386425589992
1332 2313 0.270181109986687
1333 65244 0.277952692698548
1334 55178 -0.272520348178027
1335 2911 -0.128276451638653
1336 10449 -0.460701521939674
1337 1917 -0.27769409271756
1338 9636 -0.55500505116089
1339 56654 0.310285676851914
1340 8740 -0.196339607069928
1341 32 0.198311610162952
1342 79894 -0.424208147207745
1343 54858 -0.194618274274353
1344 5446 -0.603968606096019
1345 56941 -0.150332485315768
1346 8824 -0.190122082998542
1347 55033 0.383969664967154
1348 8721 -0.258763390420521
1349 9685 0.373361676254234
1350 23705 -0.402302216471464
1351 1329 -0.258604048700374
1352 174 -0.143864641009668
1353 51077 0.284963093415928
1354 8634 0.515539713872867
1355 84288 -0.295483848152124
1356 56922 0.226761345587027
1357 56992 0.223908356986625
1358 64772 0.245104949104993
1359 126393 0.443071814168749
1360 26519 -0.294091246332837
1361 2788 -0.234101842187473
1362 79901 0.695493171018779
1363 6327 -0.275423641833972
1364 6391 0.576667489939716
1365 8543 -0.563171057766613
1366 26112 -0.725250548189936
1367 26659 0.155186920587866
1368 5652 0.969642640158238
1369 29937 -0.348170229622651
1370 5175 -0.393861763732348
1371 5253 0.268627139742966
1372 3276 0.28405149195779
1373 4171 0.261655320450981
1374 3084 -0.264649511704524
1375 773 -0.185982002815164
1376 27101 -0.163185943797077
1377 51287 -0.179906559223793
1378 6886 -0.315253756600646
1379 6141 0.230746393512441
1380 92249 0.318228292417636
1381 387535 0.16908287275717
1382 7353 -0.204739146669814
1383 317648 -0.231332467132593
1384 22862 0.420766743999859
1385 4762 -0.15367604517391
1386 25807 -0.281600520759833
1387 3082 -0.240261768321581
1388 4708 -0.340272468598947
1389 57337 0.474131575194931
1390 10492 0.200263347001176
1391 54868 -0.166270481706889
1392 4066 -0.394404043231514
1393 79634 0.410800383850591
1394 4726 -0.22063836648042
1395 54344 -0.287388894077676
1396 6650 0.312716112341539
1397 23177 0.277630831985575
1398 10123 0.80268013879371
1399 8544 -0.437825072485892
1400 80210 -0.366182791364817
1401 3166 -0.204359682693427
1402 66036 -0.265707232310058
1403 5915 -0.253883098472309
1404 58494 -0.392036548928623
1405 7059 0.36836630207015
1406 22938 -0.168686966978502
1407 50807 0.417687571128478
1408 6653 0.324727685673633
1409 9282 0.349239302108903
1410 79039 -0.198386226216133
1411 9761 0.170812728289055
1412 55671 0.376604594278849
1413 10594 0.165875100102985
1414 51663 0.313657771296389
1415 171392 0.154638988575257
1416 4077 0.57239459086825
1417 57658 0.267939813386267
1418 3712 0.326160433478352
1419 1814 -0.130949595644093
1420 27000 -0.208811878845275
1421 5034 0.663802305605648
1422 4507 0.232574154236682
1423 9517 0.235104923006512
1424 409 0.239251355149403
1425 5593 0.382887571771807
1426 6850 -0.350187086942157
1427 9962 0.268674342901905
1428 64288 -0.242600508432361
1429 80895 -0.248421042477309
1430 3421 0.205951564430624
1431 22861 0.437819076123175
1432 55672 0.157503419667817
1433 2250 -0.158901167091824
1434 55328 -0.244535923867817
1435 3020 -0.397943719325434
1436 56257 -0.182521052905949
1437 400506 -0.288439493605625
1438 7813 -0.253807414240891
1439 4329 0.534130201892957
1440 84179 -0.260904793022404
1441 3975 -0.241562187106602
1442 9278 -0.210914249174822
1443 64782 -0.248856003293023
1444 6741 -0.291347689020201
1445 1153 -0.144440667458086
1446 23471 0.453359848298243
1447 11322 0.396572226869623
1448 1650 0.342120311398105
1449 11193 -0.54760765898545
1450 90411 -0.275931299914244
1451 8467 -0.17429864116969
1452 3178 0.360275928760667
1453 55720 0.309951499644614
1454 27315 0.192780099674158
1455 5594 0.350243171596859
1456 5133 -0.212199953243193
1457 26051 -0.325675527855736
1458 26205 -0.187023205486121
1459 60560 -0.318770934670244
1460 1295 0.537997188607774
1461 55833 0.178187931503238
1462 3658 0.345825142783452
1463 7850 -0.426381379887895
1464 55968 0.264685931787243
1465 2782 0.320706293137082
1466 55040 0.356607656987238
1467 1763 0.226263903916443
1468 9111 -0.273806238385022
1469 2319 0.477852804489065
1470 201163 0.315358995803667
1471 7673 -0.243366507119004
1472 9991 0.324215213333883
1473 4261 -0.299146407851154
1474 9728 -0.154323294996814
1475 3811 0.151422669176092
1476 123 -0.366219263931937
1477 2774 -0.616979608829695
1478 8125 0.152320869031868
1479 5903 -0.170662157379768
1480 682 0.284568578535412
1481 8396 0.335913732563621
1482 5694 -0.209607516265672
1483 79016 0.510097717049188
1484 5909 0.711248828848095
1485 54505 -0.201526639900555
1486 2030 0.63531593926135
1487 6711 0.570996082137096
1488 8603 0.232710737437388
1489 29942 -0.136551245529341
1490 7745 0.260606236312009
1491 3910 0.300320192152242
1492 9556 -0.357876224073935
1493 1472 -0.49796987821877
1494 7430 0.394910912088907
1495 7323 0.322593115541636
1496 80173 -0.199802752506735
1497 25771 -0.180865401951148
1498 10942 0.711103512649359
1499 1936 -0.364464408163678
1500 7410 0.32260223195296
1501 10162 0.486042001012489
1502 9610 -0.273292000338516
1503 6566 -0.46609932152837
1504 79891 -0.397330783217518
1505 58497 0.714991802203661
1506 4724 -0.29288210386146
1507 8930 0.268989315713311
1508 51182 -0.241338103712984
1509 3384 -0.301009935715936
1510 23710 -0.390557464949771
1511 6891 0.289796200529603
1512 10092 0.16649677714129
1513 7040 0.564813485922307
1514 6921 -0.239649935463593
1515 201229 -0.360442047290578
1516 23163 0.266333602103399
1517 64844 0.26684850446099
1518 10419 0.366503454671642
1519 9306 0.310067712982563
1520 6856 0.584262687020336
1521 11161 0.601581658201514
1522 9922 0.218255247992568
1523 9444 -0.422070674627814
1524 9635 1.00654004518448
1525 64087 0.606423890458834
1526 10413 0.358268503470823
1527 1843 1.05899079931578
1528 79009 -0.179688048387069
1529 2671 -0.268108504452192
1530 124801 -0.144042463573928
1531 4808 -0.137254825683155
1532 57645 0.455388269940778
1533 10978 -0.227556063381742
1534 100506571 -0.235695485240648
1535 5504 -0.21036025543923
1536 92342 -0.238322506819859
1537 54849 -0.483403497616015
1538 116138 0.384398439283052
1539 7571 -0.40260141776167
1540 9482 -0.231972737804583
1541 79630 -0.67374041391443
1542 9552 -0.172652244355758
1543 7003 0.162465659100177
1544 10212 0.329974958334761
1545 5861 -0.231842000217487
1546 51626 -0.22619650512328
1547 4891 0.449175688608083
1548 475 -0.234878627366539
1549 7319 0.309012875623983
1550 55835 0.167556212630607
1551 10726 -0.195793421713308
1552 23053 -0.287867469717847
1553 182 0.684647359048104
1554 6382 0.715449283638483
1555 57876 -0.195829511549584
1556 116985 -0.25050305051845
1557 4286 -0.330141783296419
1558 10844 0.30589827871798
1559 23244 0.289829553118489
1560 26013 -0.234440650684539
1561 288 -0.482466049179928
1562 91683 -0.182404686474696
1563 23181 0.200408223301583
1564 10025 0.30407760695261
1565 11267 -0.169605809857403
1566 9236 -0.247390265091923
1567 57498 0.194488702715443
1568 22823 -0.231768218060735
1569 2110 -0.158836981944562
1570 2022 0.289308427851533
1571 53944 0.249669189213751
1572 7626 -0.248837288434062
1573 2289 0.807636150365092
1574 5130 0.15156669898049
1575 6576 0.340443214059322
1576 319 -0.190953369852002
1577 200424 0.320872344057694
1578 6721 0.414111733023848
1579 11019 0.208570449088871
1580 81555 0.420418218743094
1581 64180 -0.166404336695405
1582 23093 0.32687195018709
1583 27242 1.18265421121137
1584 2262 -0.190987837617383
1585 54733 0.501361642754045
1586 55299 -0.186521177992042
1587 2281 -0.760869387082787
1588 283459 0.320374138010519
1589 9784 0.208257866329728
1590 10616 0.159172832585657
1591 79673 -0.182707083569407
1592 6570 -0.131499665680913
1593 56943 -0.237711477326707
1594 51214 -0.260096719173774
1595 5872 -0.203758594666473
1596 91949 0.268704116602819
1597 208 0.164932336443387
1598 79621 -0.42842137414002
1599 79368 -0.229030797047338
1600 51068 0.319309749833588
1601 84656 0.438499623185423
1602 54512 -0.241434607228637
1603 60526 -0.313851784061328
1604 1852 -0.244205977631675
1605 5533 -0.191290351315355
1606 5558 0.678300610038463
1607 80833 -0.335610840446991
1608 54472 0.222466197886047
1609 51673 -0.472839262176596
1610 317781 0.188594065418231
1611 55547 -0.22024841941036
1612 78992 0.418882297729077
1613 81551 -0.164620235977127
1614 51006 0.228620421048172
1615 23172 0.187259133015949
1616 26471 -0.362976528629781
1617 55681 0.644023916395297
1618 9807 -0.151208794906031
1619 23321 0.331150471405435
1620 5671 0.144839587354476
1621 7009 0.498214670464799
1622 56288 -0.380936130118437
1623 4986 0.563755427553855
1624 10240 -0.51850441089864
1625 23326 0.137516324866543
1626 6728 -0.181993491429381
1627 8568 -0.142261853783261
1628 80122 0.190861472495119
1629 23468 -0.409047860277811
1630 10489 0.202121043373657
1631 841 0.215963410154328
1632 10516 0.578587226999344
1633 83989 -0.345689888092364
1634 89870 0.12999235882367
1635 6000 -0.200395345086061
1636 146542 -0.366065917491092
1637 4488 0.411990277704437
1638 81688 0.550471773654527
1639 7334 0.399338582069195
1640 56667 -0.375123431172827
1641 4288 0.283114820138637
1642 403 -0.238923579118432
1643 1353 -0.174670796230828
1644 4170 0.870520481113163
1645 171558 -0.201199560575972
1646 8897 0.434217797417328
1647 7086 0.493001379174808
1648 7159 -0.13814879358986
1649 771 0.579832065073772
1650 55644 -0.176537510272675
1651 92482 -0.237496089803118
1652 6453 0.519635575700988
1653 64342 0.227640885911791
1654 54968 -0.210079792632635
1655 1025 0.316980219882384
1656 5500 -0.156880985711052
1657 6474 -0.126575400104678
1658 54662 -0.122314802551868
1659 8209 0.39433004351875
1660 55327 0.311574783048963
1661 3267 -0.134943483869769
1662 10023 -0.492342835699132
1663 79735 0.245623636209954
1664 7710 0.214978617042364
1665 1212 -0.298538149409847
1666 56904 0.563237339424046
1667 27257 -0.213054663376228
1668 54845 0.974852804869149
1669 55252 0.182115360719715
1670 9208 0.313748411612304
1671 79184 0.412488236797045
1672 9978 -0.249468892611462
1673 7453 0.344887686745508
1674 51069 -0.165272810712989
1675 64768 -0.157987417884563
1676 5170 -0.260473082379049
1677 7132 -0.268409778963822
1678 7307 -0.1272769069387
1679 26007 0.299191376553092
1680 1495 0.183625090026029
1681 2034 0.395683270255291
1682 55251 0.327132552810177
1683 4985 -0.242628037482453
1684 3241 0.428741170990167
1685 5105 -0.333141209631982
1686 57332 -0.152047516331475
1687 908 -0.264564771085777
1688 8818 0.278350296217885
1689 8846 0.17021614911787
1690 5426 0.158217672576619
1691 6440 -0.275252628582285
1692 2630 -0.357759787971135
1693 2516 -0.15178658040864
1694 7293 0.18219325798807
1695 3320 -0.146242882683417
1696 9103 0.234678940394357
1697 9529 0.329801219696039
1698 79600 0.183149109830429
1699 26119 0.283029731306977
1700 60558 0.349333677375352
1701 64976 -0.265096450468004
1702 9973 -0.198182150783698
1703 23014 -0.189628735708839
1704 6563 1.46589293902273
1705 55905 -0.208047842549671
1706 9478 -0.326814778869567
1707 3655 0.984432790296903
1708 55317 -0.191536934629548
1709 1384 -0.377470405394179
1710 29903 -0.157028228409824
1711 7341 -0.259712643756403
1712 57154 0.231354418705617
1713 3895 -0.218419620230295
1714 4707 -0.183082506911205
1715 10298 0.341968225238476
1716 10097 0.545824830245422
1717 11014 0.296910461443632
1718 8520 -0.216002776096285
1719 9751 -0.384302868998917
1720 6710 -0.265292635982097
1721 7320 -0.200993704540373
1722 4779 -0.244311091420851
1723 8821 -0.609865016364455
1724 9570 0.234249508882777
1725 50943 -0.216051196042923
1726 622 0.353231776405542
1727 6752 -0.288218321251838
1728 93643 0.201606446002863
1729 9180 0.754750907515028
1730 3488 0.299529979142752
1731 7756 0.452664772201535
1732 440738 -0.198734524618646
1733 55466 0.201525588899125
1734 1741 0.300475821207391
1735 55662 -0.355333891500884
1736 5365 0.315373866597512
1737 56255 -0.254562901492084
1738 5834 0.257756272028569
1739 64149 -0.195234493268559
1740 7148 -0.224175956044894
1741 25880 -0.185383041190162
1742 50848 0.833565155843988
1743 10912 -0.644012059746805
1744 7433 0.448043758438434
1745 23131 0.275277006382014
1746 1944 0.209022489405996
1747 23499 0.313013204683369
1748 4043 -0.274146943888294
1749 22916 -0.16025341784116
1750 55024 -0.339301398497118
1751 147179 0.240283990039044
1752 4694 -0.235244500550561
1753 56829 -0.164176518419544
1754 55236 0.333664637146452
1755 9277 -0.182262147462209
1756 8623 -0.21293790203482
1757 2037 0.460339125960756
1758 5931 -0.255179878717327
1759 57509 0.703448497819034
1760 2618 0.147005922017001
1761 1770 -0.155388876263391
1762 2887 0.199977774307151
1763 9607 -0.870405801491001
1764 79029 0.209688524362523
1765 9255 -0.142738704825296
1766 1678 -0.153754482607472
1767 3730 -0.43346678936102
1768 291 -0.282523105454162
1769 8935 -0.210389893286791
1770 3631 0.192040886086503
1771 84168 0.507963941844661
1772 11216 0.234858556124011
1773 9727 0.335300679741581
1774 539 -0.222801812035982
1775 101928378 -0.163234766957963
1776 10235 -0.656317402465715
1777 123803 -0.4712265361701
1778 9889 0.26903867238976
1779 29081 -0.219178065623744
1780 6448 0.197526131603599
1781 90627 -0.404053268014083
1782 54916 0.349423937662541
1783 10439 -0.354089029719122
1784 9516 0.279302559381023
1785 27010 -0.221578158644308
1786 85359 -0.180448022744755
1787 6519 1.21766781818527
1788 114881 0.161468370216793
1789 4035 0.281537845865356
1790 79947 -0.155789095807013
1791 149986 0.214474533442921
1792 1797 0.232876876190359
1793 8874 0.505303842236764
1794 5440 -0.257244686872435
1795 81890 0.194882104458268
1796 64376 0.36082737118232
1797 10919 0.241335220986631
1798 6284 -0.426378656453059
1799 29122 -0.210246498943413
1800 3486 0.604323815294329
1801 3795 -0.245339342155406
1802 54819 -0.295954636268212
1803 6755 -0.16814743046183
1804 538 0.380677023007111
1805 57698 0.279314570652678
1806 825 0.434139213774144
1807 493 0.195958734825157
1808 7336 -0.180891938866104
1809 9743 0.432761545685688
1810 11236 -0.175467366738944
1811 23112 0.139577528506722
1812 11253 0.224860136489959
1813 6676 -0.414088312495077
1814 2063 -0.175735511236354
1815 79033 0.202870206836222
1816 10274 0.186796201584576
1817 5062 -0.164753419134081
1818 1160 -0.652092532052231
1819 5069 -0.538185539104532
1820 8502 0.231739900521452
1821 102 0.50809635655331
1822 23312 0.293244710813241
1823 51085 -0.180521235183138
1824 79828 0.374845466600096
1825 23016 -0.170315950257462
1826 2128 -0.207970927702743
1827 7799 0.278938658994591
1828 1902 -0.685738046298132
1829 2197 -0.193525576774885
1830 6627 -0.197214513389531
1831 8908 -0.483622254055091
1832 23243 -0.206634265833954
1833 10450 -0.240076880309392
1834 57863 -0.148046306866179
1835 1975 0.336746591814416
1836 7090 -0.272651822150769
1837 115353 -0.187386189583371
1838 80155 -0.444081950966117
1839 10111 0.31997712285632
1840 79815 0.381814483608104
1841 3843 -0.246617146036176
1842 6293 0.142885925404274
1843 1053 -0.190590530443302
1844 23648 0.202792167402034
1845 1945 0.321541619443059
1846 29944 -0.194339575820355
1847 79148 -0.349831081366029
1848 5524 -0.172837696590484
1849 79084 0.282350958285813
1850 9871 0.290082574193372
1851 9166 -0.305303791753783
1852 9217 -0.273473444054263
1853 9274 -0.241788961690059
1854 10980 -0.176466672250454
1855 7743 -0.183896990840662
1856 5899 0.359712668713708
1857 23417 -0.191252024977077
1858 3626 0.167635688922655
1859 54549 -0.239745222291566
1860 3906 0.132902836726038
1861 3492 -0.241979375108651
1862 441273 0.290666738512058
1863 3557 0.241757437212625
1864 27302 -0.122099277529648
1865 3735 -0.163967489471833
1866 11154 -0.271574824278025
1867 51651 -0.24396359552791
1868 54758 -0.174616319335025
1869 11333 0.347914336458283
1870 60484 -0.26891773944837
1871 10213 -0.247613469400244
1872 29951 -0.622723056647956
1873 1408 -0.280544142681583
1874 1289 0.558725469587066
1875 116832 -0.487977270080638
1876 10190 -0.150472724154499
1877 57134 0.268098908220784
1878 63891 0.243799187121516
1879 51660 -0.213936361870863
1880 6272 0.238943740023423
1881 7001 -0.215902083641695
1882 2350 -0.41259389392049
1883 10847 0.119956791546168
1884 10010 0.193410491784372
1885 51162 -0.465336409623355
1886 7507 -0.242587578648699
1887 8178 -0.177446554471248
1888 28513 -0.932522623543084
1889 7874 -0.255782499227982
1890 64130 -0.302797919132108
1891 7580 -0.243860781326722
1892 23394 0.177472290164047
1893 5226 0.437891432327124
1894 4851 0.468075470374551
1895 7174 -0.315921242465526
1896 440515 0.126311186768221
1897 3257 0.209521424403195
1898 3824 0.117504948329303
1899 10440 -0.167209606493036
1900 5432 0.289375133958206
1901 1616 -0.230110922858588
1902 8698 -0.184705622797825
1903 5930 -0.30151884587365
1904 53947 -0.215054028504306
1905 10228 0.37138650077852
1906 7294 0.176661085546385
1907 3208 -0.214310083561119
1908 84726 0.206905015542411
1909 26057 0.221362242377783
1910 6018 -0.203029430259325
1911 1345 -0.232292983795377
1912 81926 0.240478694569994
1913 51193 -0.158959120105838
1914 51601 -0.305829246510454
1915 1278 0.46209403281901
1916 79694 0.327166071443552
1917 91300 0.631546813092682
1918 26048 0.163654322075829
1919 10362 0.607864485803539
1920 55168 0.388919099242289
1921 4552 -0.161350958547791
1922 768 -0.140423045011628
1923 4946 0.225382990734806
1924 9536 -0.382030408234332
1925 64108 -0.415127132022334
1926 1874 0.242970515129482
1927 10564 0.31244182776627
1928 26468 -0.291415111269298
1929 8651 0.300699017265535
1930 7084 -0.224103205208566
1931 2744 0.28368087753354
1932 753 0.336596906580741
1933 10209 0.781247721634482
1934 64856 -0.398435975687661
1935 2773 -0.194439449621902
1936 10300 0.213967015952987
1937 11212 0.374004877707162
1938 51706 -0.143534865327265
1939 51265 -0.238664382190888
1940 23325 -0.4843181371541
1941 9616 -0.169544735595066
1942 6882 -0.125063033825764
1943 84263 -0.226412915484106
1944 7113 1.12925562231278
1945 874 -0.326240881405967
1946 1013 -0.277024511344425
1947 8992 -0.305917213006784
1948 22876 -0.19833979958206
1949 51454 0.22920498711567
1950 26123 -0.177512052950345
1951 7852 0.627110823407712
1952 10576 0.374477884291965
1953 92104 -0.23099527636793
1954 399979 -0.243743530737097
1955 770 -0.295061407828291
1956 4651 -0.211285184847414
1957 140467 -0.30509391177142
1958 6498 0.509737781634263
1959 6434 -0.426302699283485
1960 4118 -0.807267891856097
1961 6753 -0.16347268224926
1962 4521 -0.262059658335607
1963 4700 -0.203867951173889
1964 4695 -0.240690732070455
1965 3475 -0.23624222892362
1966 8888 0.394762369647048
1967 1983 -0.189902877701105
1968 5925 0.204816502990067
1969 55037 0.153632795673934
1970 7030 -0.277165388167786
1971 23061 0.18744647317255
1972 58525 0.299673576218416
1973 29969 -0.296391447653278
1974 64318 -0.262563870560298
1975 9874 0.308961695894323
1976 1258 -0.14137414086289
1977 4690 0.26004571810147
1978 1152 -0.225515128211645
1979 662 -0.166319230625331
1980 79143 0.214537332279984
1981 84720 0.369163769598605
1982 7265 -0.183261061870446
1983 8869 0.140785959764528
1984 6035 -0.510817572676713
1985 8945 0.261773806208043
1986 9895 -0.228545687406496
1987 9043 0.366837266683641
1988 10592 0.357717343861489
1989 3508 0.23142933452843
1990 11275 -0.180999799692653
1991 5379 0.153551791657165
1992 2224 -0.198492886393726
1993 85375 0.490447165541391
1994 9380 -0.20497652365202
1995 79750 -0.25761162841223
1996 1824 0.719776431394838
1997 22871 -0.619193244226545
1998 51734 -0.355216516728191
1999 535 0.47659725521646
2000 1877 -0.205167954731488
2001 7091 -0.435811184890999
2002 6515 0.742955169042387
2003 55213 -0.440701817683181
2004 10864 -0.168637249276309
2005 2987 -0.14120932444493
2006 6881 -0.1800448154537
2007 29121 0.140667849347078
2008 55723 0.250516187218079
2009 11145 -0.473172969449609
2010 5884 0.152666378863154
2011 10458 -0.137304112259249
2012 10297 -0.251661034843874
2013 11196 0.427197978407868
2014 55696 -0.150161262182188
2015 65003 -0.311789675976339
2016 7633 -0.227907551871922
2017 7322 -0.341669995320961
2018 2647 -0.303701280335286
2019 8480 -0.163727711139999
2020 5719 -0.243288423001959
2021 6157 -0.284039696119946
2022 55311 -0.273032939709402
2023 9170 0.294309152293345
2024 50 0.218358115984797
2025 79974 0.32457103031085
2026 4824 0.581956959603815
2027 81693 -0.216912809489139
2028 800 -0.810684263958912
2029 1387 0.155252502197657
2030 10529 0.232517392749652
2031 64397 -0.200603362239022
2032 5307 0.901814445597401
2033 11215 0.208778403263009
2034 55298 -0.184746778350788
2035 1327 -0.187774151238896
2036 8737 0.457096661054879
2037 9442 0.222999053576547
2038 81542 0.246954571994634
2039 6251 -0.201005302233602
2040 1756 -0.428062914942608
2041 1141 -0.14707624387761
2042 9737 -0.305041875844447
2043 1511 -0.611961641741993
2044 55847 -0.297486899984866
2045 8801 0.221534811051699
2046 9589 -0.183746876333954
2047 9689 0.411312758293043
2048 9457 -0.559739895332031
2049 1431 0.232654714041256
2050 6569 -0.127870912150757
2051 5430 -0.194406566210708
2052 51566 -0.183513397983864
2053 9866 0.282047662671062
2054 2734 0.191689278361109
2055 23613 0.178056416271893
2056 23399 -0.179982550453255
2057 613 0.364519738601704
2058 5600 -0.269833422422155
2059 2813 1.16181113203897
2060 7125 -0.406971583103051
2061 9698 0.169896324889246
2062 100507388 0.177184081736684
2063 8405 -0.351292889823705
2064 3275 -0.27494201100693
2065 25803 0.699769568488254
2066 9986 -0.214149982662066
2067 26509 0.462859366310802
2068 84991 -0.187640724843537
2069 27253 -0.522320413789197
2070 81552 -0.204494589413573
2071 50626 -0.218142784429684
2072 116986 -0.161508471287029
2073 53615 -0.170206389845813
2074 59349 0.41251973381452
2075 10524 0.15389643153417
2076 57473 0.284006464479452
2077 51465 0.405254105051585
2078 6631 -0.145233821707562
2079 26228 -0.760516811163532
2080 51230 -0.196373357939992
2081 5740 0.259400087190751
2082 26986 0.157532135428886
2083 79948 -0.25863920950002
2084 23086 0.916620080662281
2085 958 -0.425631493427018
2086 56339 0.258033931354841
2087 4704 -0.187318355509991
2088 1052 -0.363318257021433
2089 9946 -0.266848633354275
2090 8243 -0.270933513319007
2091 10299 0.697325345955441
2092 8533 -0.21775376085535
2093 79696 -0.336882038004378
2094 10603 0.227630732395948
2095 54107 0.391511446419408
2096 23284 -0.58218793826421
2097 2153 1.30994996158373
2098 2963 -0.218366891660725
2099 55063 -0.200859665742528
2100 4047 0.440125561578726
2101 5141 -0.232375735740836
2102 192670 -0.301521656688175
2103 253959 0.191404207259652
2104 2010 -0.139815661580581
2105 9261 0.355140558113862
2106 54585 -0.349582590350854
2107 4791 -0.317194584133815
2108 1491 -0.34666806902089
2109 4237 0.464023790461399
2110 10210 -0.159748999519183
2111 55140 0.201693671551267
2112 699 0.115535630182119
2113 6337 -0.240767408817758
2114 55851 0.497478101689373
2115 1269 0.201886732740806
2116 5670 0.207580493632125
2117 7372 -0.159580516515643
2118 645644 0.165360203426961
2119 2066 -0.166816463605318
2120 22990 0.143145997772147
2121 2074 0.24033810353845
2122 57644 0.111960927465562
2123 10159 0.227585436906256
2124 24138 -0.536126243233442
2125 7018 -0.722480071149937
2126 22993 0.188130562518538
2127 659 0.208444275828428