1 6690 -2.13166752206392
2 1287 -0.481222800220773
3 25996 -0.887163197527126
4 5653 -0.678648495829272
5 6419 -0.332016253438112
6 403 -0.801347815416251
7 3216 -0.9522706643705
8 1602 -0.509429018255337
9 1441 0.333913588417523
10 1717 -0.441268123917469
11 57111 -0.828254845451786
12 11108 -0.407266222894584
13 7070 -1.23601106311023
14 55503 -0.391055480241559
15 6273 -3.27156215207923
16 2160 -0.755420489118689
17 29842 -0.775908220168784
18 3026 -1.06603698245958
19 5178 -0.603969698040339
20 10165 -0.76793755607545
21 7280 -1.68732889652496
22 9121 -0.596137429207966
23 57134 -0.796247803019827
24 533 -0.767388998006602
25 2625 -0.355630319694019
26 2170 -1.17535128093358
27 50650 -0.7908489713994
28 1203 -0.959823589206783
29 79971 -1.09392263363791
30 744 -0.444643777882243
31 9223 -0.618367396488408
32 347733 -0.470576056087586
33 9258 -1.10288738623847
34 9556 -1.01035536530404
35 22981 -0.900490925276871
36 363 -0.579409296201426
37 1028 -1.53698910331954
38 22841 -0.474934741089998
39 6599 -0.727207835023604
40 10873 -0.535141757761384
41 513 -0.510255689069083
42 359 -1.32164436005212
43 2246 -2.22366713442335
44 27324 -1.1685100984255
45 1285 -1.53769820390396
46 8943 -0.707807425558309
47 23286 -0.576390634450448
48 140597 -0.974478210464922
49 27018 -0.586908142572698
50 10579 -0.716417106541683
51 22978 -0.615837891935609
52 54998 -0.463335857955483
53 4345 0.610573998700619
54 79789 -0.807153983687336
55 10411 -0.902747948797847
56 6559 -1.04144156314344
57 55187 -0.501348539351924
58 22837 -0.870399588411133
59 11322 0.310033220520642
60 483 -0.649151872840299
61 3485 -1.39553518324199
62 23321 -1.17358551571221
63 7827 -2.70577624470174
64 50617 -1.41183677111264
65 126321 -1.30931806425451
66 23216 -0.95454746177082
67 1536 0.506840690176427
68 7369 -4.50996877770877
69 5624 -0.87079979229113
70 7940 0.655588051868724
71 6565 -0.505724074524871
72 25913 0.367022263540882
73 35 -0.562456767385194
74 4144 -0.740090907652846
75 5334 -1.14228206554615
76 3217 -0.42618015039261
77 6524 -1.39647055974565
78 5172 -0.278041250762089
79 1288 -0.359833652043182
80 5733 -0.846868524446302
81 6482 -0.586495643364226
82 3993 -0.601067539608768
83 8727 -1.01060585416627
84 3827 -3.54756322905828
85 113178 -0.394757255825528
86 688 -0.218445308506257
87 4697 -0.974106499228682
88 7139 -0.286927661008823
89 53405 -2.55036126475527
90 4868 -0.596736321361883
91 9915 -0.686954439780576
92 4634 -0.541440230646396
93 10961 -0.541957777810737
94 7421 -1.88521213707198
95 27445 -0.802196686400279
96 2066 -1.16576154377237
97 79960 -0.852791489097253
98 6500 -0.388098724184749
99 5705 -0.619103178151299
100 10587 -0.431518341135641
101 22927 -0.29785510239913
102 5800 -1.3532609901006
103 5495 -0.253580905555022
104 6521 -1.10120628438907
105 9073 -2.13444527384703
106 9801 -0.670047632279756
107 4118 -2.520474026495
108 54704 -0.445061405488111
109 4088 -0.400382963156384
110 842 -0.498694981202174
111 10928 -0.511116362646533
112 9388 -0.587296362289698
113 613 -0.680830124913947
114 2036 -0.70284487936656
115 624 -0.999830419878649
116 23710 -1.46269344559628
117 211 -0.761986315997995
118 6503 1.28166997829778
119 83475 -0.353005514158919
120 26045 -0.256134609653914
121 6391 -1.03411314106701
122 3689 1.79234663517497
123 10681 -0.839059221717135
124 399979 -0.420149151296025
125 3897 -0.65953241191976
126 84864 -0.461202996486999
127 51109 -1.31228005993319
128 123 1.42352245824475
129 93664 -0.60865960018559
130 2207 1.36317030872255
131 7103 -1.43168210531298
132 51372 -0.611952493261368
133 9377 -0.797207922999988
134 9673 -1.05511187349637
135 89797 -0.957676130835075
136 3937 0.843193737308577
137 7805 1.82959072545448
138 3758 -2.52310714321808
139 2888 -1.33201393103937
140 5104 -2.99282290905138
141 63931 -0.267090905363529
142 65997 -0.738119712382217
143 267 -0.73494084951188
144 10289 -1.09375245720806
145 10329 -0.1480245283788
146 2122 -1.30962015339668
147 26073 -0.723550374940606
148 5698 1.8058617268178
149 65125 -0.702342180245592
150 3156 -0.585179027732718
151 30846 1.00573378014635
152 3709 -0.483861997699677
153 3975 -0.290078619886853
154 4285 -0.448490755900509
155 2271 -1.02678223197473
156 25840 -0.289927615600096
157 3291 -2.42734306343421
158 6422 -1.64486233833894
159 4709 -0.588275371325297
160 1950 -1.98284182825611
161 4594 -1.30846632467371
162 1147 -0.283235283774428
163 6557 -3.48612090122344
164 7021 -0.713469315749958
165 942 0.594775042642286
166 23303 -1.01886982830226
167 2262 -0.782494759809175
168 5696 1.13886916741472
169 5371 0.287426593812821
170 11179 -0.362743008202864
171 5019 -0.83194503824594
172 3455 0.274525710088603
173 793 -4.00505619668906
174 4723 -0.664454984299253
175 287 -2.80313478337639
176 6050 0.222811031635897
177 3945 -1.02974859557399
178 79184 -0.476567879353158
179 55556 -0.843590352020843
180 757 -0.791352579135554
181 55020 -1.16443602013656
182 81691 0.298772703246014
183 4494 -2.09639436392538
184 5502 -1.26858934634255
185 81875 0.348673428506781
186 2104 -1.30319697724707
187 1349 -0.819211320709476
188 6892 1.09768083266419
189 5909 -0.91747195956746
190 53827 1.10097838365765
191 6337 -2.1138765860778
192 8034 -0.193509937247549
193 6307 -1.11655782579707
194 56649 -0.456559407142873
195 23051 -0.540352203487595
196 7718 -0.304731911808898
197 1329 -0.570105981384124
198 4694 -0.582131919454078
199 284119 1.15416610210545
200 5745 -2.61665179585851
201 10644 -0.848697177300567
202 78989 -1.26177792813226
203 23016 -0.308050362693997
204 4495 -2.13213497080301
205 51218 -0.788490101576999
206 51129 2.77998267414614
207 6609 -0.748052461002931
208 55612 -0.653092875874247
209 54205 -0.941085091865668
210 1827 -1.5355902314903
211 79637 -0.237472162769333
212 60493 -0.537612302906293
213 51310 -0.479491118496905
214 10288 0.676616568589357
215 476 -1.57390498897527
216 7134 -0.309161155328828
217 521 -0.574886735215673
218 51296 0.68417291869134
219 80221 -2.45478084194608
220 171546 -0.608167234724921
221 9667 -0.402838287364173
222 4646 -1.26603349904644
223 834 0.495288713100215
224 3306 -1.58501908220038
225 1512 -1.92767064250486
226 5064 -0.884747665241949
227 2731 -1.82643651856381
228 3903 0.78801943969045
229 9125 0.300353671641299
230 1114 -0.409940371671096
231 23428 -2.53932455116478
232 100129361 -0.566323455325005
233 57127 -0.737282491808342
234 7317 -0.52386970081607
235 7020 -0.501272705010974
236 4700 -0.645036063232404
237 4714 -0.400802072292545
238 3954 -0.610783370249889
239 2010 -0.389437625864005
240 5731 -0.58876918235978
241 5095 -1.33280161142202
242 10682 -0.767852567562815
243 18 -2.90267111818223
244 6520 -1.22782571320333
245 23327 -0.891197535948033
246 6493 -0.510022151129311
247 91 -0.694076496220861
248 4154 0.809950451682856
249 6569 -0.560639937758481
250 5160 -0.808897823510231
251 5213 -0.783303608085226
252 56901 3.24444706599058
253 57107 -1.01258588428537
254 23065 -0.240793894841218
255 10469 -0.26343899957635
256 3119 1.28662717220158
257 4174 0.466181040141973
258 4690 0.755024174318735
259 8195 -0.352306034674365
260 29078 -0.351240891034521
261 26027 -0.587287746526002
262 5134 -0.615460600703694
263 4496 -1.75364465564712
264 9450 1.0330733356166
265 8869 0.355104359751111
266 4059 -0.704473771415627
267 9701 -0.383096327822601
268 5162 -0.821087516632462
269 2967 -0.432398998446128
270 3418 -0.783843959529731
271 54209 0.869572066903449
272 7187 -0.259031533242557
273 55006 -0.42967083173059
274 58510 -1.93620469096973
275 59342 -0.714309142259428
276 55793 -0.33102933405704
277 10521 -0.372891477875977
278 7150 -0.967188678935854
279 9365 -1.98804791568973
280 27344 -1.81750983637438
281 4745 -0.77964961587556
282 7347 -0.500953200830254
283 23038 -0.295112622975839
284 25828 -0.355935423738538
285 8502 -0.750292060578714
286 768 2.3943989525518
287 9473 0.788452309142289
288 25836 0.4512520818336
289 3587 1.01991802804218
290 384 -2.09049560390418
291 241 1.14792443924347
292 8659 -2.50629677633352
293 6509 0.571994996932308
294 7301 -0.772217239063083
295 138151 -0.581601901560521
296 81932 -1.2784691083987
297 8802 -1.82040308829942
298 9770 1.0289433201941
299 2263 -0.358989648145414
300 7177 0.589232181859073
301 11180 -0.517836047904545
302 64849 -3.01491599579039
303 1852 -1.07845164913715
304 9792 0.726096481167492
305 56922 -0.876744159543711
306 6819 -1.82047346832144
307 5190 -0.496082725245016
308 3486 2.77692804134002
309 1436 1.05107240173583
310 2254 -1.72509412702571
311 9649 -0.380207852390813
312 94081 -0.598758887533966
313 10330 -0.521322456302091
314 1672 -2.73771250276705
315 7849 -0.895461348371205
316 51181 -2.24542656505061
317 3028 -0.661314237691011
318 23562 -0.217265450714588
319 23650 0.281176566320699
320 2230 -0.894674398554338
321 2760 0.962820959399982
322 7128 0.85454289876541
323 8934 -1.38006497093166
324 8416 -0.827016233422306
325 481 -1.08807999432125
326 64785 0.232956017380817
327 4493 -1.80363224589586
328 5027 0.258813774728568
329 10859 0.544674019338506
330 1381 -0.363909522288511
331 7263 -1.37579794295034
332 51085 -0.662015185834484
333 64581 0.733711062893229
334 3625 1.77418633345628
335 57821 -0.282381592388943
336 4637 -0.311542569984686
337 51816 0.769659964781163
338 8459 -0.459315735687776
339 3109 0.954165394925324
340 10651 -0.630525473738082
341 1591 -0.727052262736159
342 7508 -0.408343399467817
343 80303 -1.65207313590946
344 4720 -0.759385663003536
345 7386 -0.859976375126719
346 54512 -0.276607942099202
347 6428 -0.481863532805602
348 23078 -1.03134229345319
349 4070 -2.25053303991137
350 9501 -0.410035721527789
351 645745 -1.48498787319379
352 963 1.23503961116596
353 3712 -0.562136420963514
354 8291 0.571475013459391
355 55500 -0.335190353288371
356 26039 -0.492810512877316
357 7456 0.835334952648696
358 103344931 -0.167048193424207
359 6147 0.289342038627998
360 55052 -0.375817572460845
361 8522 0.37941771846504
362 1351 -0.599272076440331
363 10562 -0.643486675931217
364 1632 -0.609533466357754
365 83450 -0.248190627125528
366 4481 0.308687089970454
367 29992 0.274154316951128
368 9254 -0.374793543768058
369 2653 -1.35666441063023
370 321 0.234128745838189
371 1108 -0.378984338517469
372 3988 1.32139053646038
373 5861 -0.496413403158557
374 23277 -0.651239075819106
375 9702 0.291227898301154
376 8887 -0.595022570209363
377 26509 1.22266091100628
378 55761 0.524023864834539
379 3684 0.457971830832339
380 2908 0.9943847189382
381 7204 0.307456384349002
382 8635 2.17352389476613
383 23171 -1.48140957815087
384 10099 -0.611882185946284
385 55084 -1.42344734710789
386 2286 -0.657267702983269
387 6218 0.334003811683679
388 5621 -0.789297749846424
389 8431 -0.487422616844343
390 8490 2.22524959105399
391 53343 -0.928161476917561
392 3939 1.01650583229894
393 2475 -0.32442722026703
394 7003 -0.17175833204
395 1069 -0.497683996608101
396 50807 0.394125082976552
397 9867 0.640747210815137
398 51079 -0.442869686233815
399 3033 -2.11939999085583
400 55195 -1.21707451253774
401 36 -0.698136414371018
402 100131755 -0.167941170800104
403 2766 -0.481503624855483
404 55630 -1.26298394025896
405 23175 -0.399257549384529
406 64788 -0.221933584930746
407 6472 0.683977661944253
408 80206 -1.01954402123152
409 5096 -1.46292314858892
410 1337 -0.608643198408565
411 8645 -1.47946235092444
412 64429 -0.477023611736316
413 51471 -1.36492689887863
414 7172 -0.552732687312393
415 81553 0.252757238288924
416 6456 -0.876576335986145
417 5264 -1.75871292057828
418 4067 0.929894714760047
419 719 0.746752131729847
420 23368 -0.276444971713266
421 3419 -0.278497679978426
422 4306 -0.551249608345034
423 26953 -0.442920716178078
424 29923 2.40384428599648
425 5573 -0.34428553572771
426 9103 0.37584495769389
427 10217 -0.735868289634004
428 864 0.813594862436683
429 2017 -0.301147966877879
430 2235 -0.561859160390737
431 57447 -0.599367983455748
432 23341 -0.261446104841561
433 1188 -1.51214359626983
434 9921 -0.409651208794607
435 229 -3.10688534559351
436 7286 -0.924120159614411
437 563 -2.30259984614633
438 2767 -0.323662635214565
439 9056 -1.66831988790445
440 27069 -0.9552922534345
441 9077 -0.301462740027279
442 23097 0.898465355761958
443 23268 -0.383657275785001
444 55030 -0.457779505984528
445 8671 -0.855223688964455
446 669 -0.320352063166405
447 718 2.46110971424084
448 23129 0.905979250236737
449 4329 -2.79112907292363
450 55224 -1.36373656706153
451 1050 0.411565571766575
452 573 -0.608229734431585
453 8614 0.493819809380847
454 54886 -1.23818935580427
455 27095 -0.238721954381027
456 10184 0.678614035945607
457 5634 -0.517997941118871
458 79679 -0.76919590995832
459 10383 -0.699942188760106
460 140462 -0.527117985844706
461 5996 2.27506604909578
462 7754 -0.289496303106204
463 622 -0.74973015393142
464 55501 0.38301480655335
465 3108 1.20981353186773
466 2555 -0.280301950594016
467 100132341 -0.435263115486764
468 51606 -1.05257757021189
469 80157 -0.312109637420443
470 7852 2.78323900168753
471 4542 0.518087195857279
472 1843 1.2606531331585
473 6821 -1.15940531454128
474 2806 -0.612221890151398
475 10904 -0.774775480232817
476 4719 -1.033233256148
477 22937 -0.858899060166087
478 3122 1.40501724075264
479 604 0.32534060039241
480 5355 1.07098943815241
481 23475 -1.68551242667182
482 2624 -0.437388354425281
483 79568 -0.95480505399744
484 2249 -0.19433987186429
485 6916 0.549709525918927
486 274 -0.935047150204809
487 79719 -0.429482882157845
488 213 -3.28752077478291
489 5557 0.257760518501527
490 10791 0.803894133826424
491 83478 -0.641809843467671
492 114548 0.270901274469947
493 1438 0.267447109594205
494 79849 -0.907574073610438
495 27099 0.23496769802866
496 8905 0.542309231570614
497 970 1.049601841512
498 50848 -0.172865242477091
499 161291 -0.486552132679638
500 10768 -0.441804660180638
501 1407 -0.258119993129201
502 80724 -0.605432879978004
503 79783 -1.13342958362376
504 6390 -1.07200744960396
505 5336 -0.742173737012171
506 4708 -0.643890766626066
507 7305 1.7182363171686
508 80301 0.420815119343419
509 9026 -0.431554786749091
510 8996 1.22155076873422
511 8801 -1.1622272520329
512 694 0.93297977111996
513 26502 0.70294641149623
514 28992 -1.3626008540402
515 971 0.282379695089715
516 81603 -0.570553340921034
517 259 -0.261949532109463
518 1464 0.484657130194335
519 55751 -0.433766852580368
520 7227 -0.419024201648575
521 55336 0.244012273830285
522 7284 -0.691611699804069
523 10610 -0.57306375949676
524 283638 -0.343357486006957
525 23198 -0.437293520071635
526 25841 -0.488315908924522
527 9356 -2.82118691298673
528 10040 -0.812294711563632
529 9487 0.185607300690253
530 1670 0.142071805984971
531 55831 -0.595575879197641
532 10287 0.685536385343397
533 79884 -0.230366390763695
534 3084 -0.325407735812941
535 8850 -0.347567506428135
536 1978 0.760361166780841
537 51704 -0.864137312765996
538 7384 -1.05056705649718
539 23387 -0.423907294197149
540 10443 -0.414102719351134
541 23109 -0.630303564049548
542 3815 -0.671161535342614
543 9882 -0.623785533192001
544 10994 -0.574706061557126
545 3728 -0.559927677481735
546 54852 -0.237927395008344
547 79890 0.528663388700927
548 55753 -2.41886281150205
549 892 -0.673275469983841
550 8991 -1.62138605517587
551 100505494 -0.403534475842697
552 79669 -0.352991987357219
553 740 -0.520120161375441
554 5833 -0.861856069264423
555 79814 -2.77154331743109
556 2954 -0.423982460450164
557 22880 0.318766251854899
558 4689 0.454942743187206
559 11001 -1.83159483274029
560 22918 0.836440411161316
561 9927 -0.428582663409117
562 113251 -0.777409128381209
563 645644 -0.351945494632837
564 5167 -0.58593168176536
565 2026 2.09508471489415
566 10159 -0.431141156158565
567 10891 -0.747213701183759
568 10207 -0.338889168171148
569 3422 -0.601715149911662
570 10752 -0.585486043858198
571 1730 0.788873596074014
572 10632 -0.403978059005933
573 80199 -0.514684006602171
574 4363 0.658659792056914
575 4878 -0.175678823958076
576 1160 -0.391155870095381
577 23158 -0.934921976399363
578 4501 -1.63112856316624
579 7351 0.822737151516188
580 30 -1.97501299755641
581 2335 2.12156623097896
582 53373 -0.662184370539375
583 445 -2.23645396783922
584 9778 -0.762420651181774
585 1892 -1.49951302925673
586 10105 -0.757532803241527
587 2288 -0.568600385959344
588 1508 -0.91416922924436
589 50856 0.188702826686422
590 6665 -0.41966001001982
591 54977 -0.420204958055947
592 5578 -0.903165237907287
593 9524 -0.779336337589843
594 64499 0.599550552711519
595 54458 -0.480836365284881
596 2203 -2.52860394993594
597 9581 -0.589749589834344
598 60672 0.236040519097669
599 9372 -0.469704285910245
600 56893 -0.43381074147086
601 11020 -0.272800770717403
602 3725 0.243536784707023
603 57493 0.489999650466321
604 523 -0.900354941467231
605 9518 -1.29750750894921
606 3423 0.36956852405794
607 9052 -0.535664423578645
608 7957 -0.419404243425276
609 80344 -0.431260651802957
610 10327 -1.0143126498104
611 89944 -0.910985001434936
612 649 0.327764040100293
613 27089 -0.609858642799294
614 55268 -0.779395048366526
615 1622 -0.645570111997527
616 1286 -0.391025670698599
617 776 -0.196413727958103
618 64231 1.33227145408681
619 25915 -0.562072375358698
620 409 0.344467556021736
621 6676 1.43851612210183
622 6675 -0.666182621150657
623 9762 -0.799573460357114
624 51268 -1.85470912271732
625 3135 0.744708801772584
626 64216 -0.569052094675961
627 506 -0.722449867290367
628 3071 0.696793635154672
629 56905 0.296020884918329
630 712 1.53242860039691
631 11193 -0.393277697639787
632 90956 0.522175894580029
633 4208 0.918676957972477
634 5830 -0.604332027298225
635 3233 -0.931688404658693
636 3965 0.736861836820962
637 29 -0.489447116153333
638 9976 0.918734419311615
639 10249 -1.94857534764448
640 93974 -0.780619768264051
641 2744 -1.05198526041647
642 26249 -0.838335330823119
643 2101 -0.352733444331166
644 8545 -0.429096215204281
645 2021 -0.419768240809635
646 51458 -1.56975180457697
647 397 1.30817159108597
648 56521 -0.990528523365662
649 9194 -0.509615079182979
650 11025 0.338326769687655
651 2261 -1.10117536261554
652 210 -0.390930193337005
653 55384 -0.503446844313014
654 518 -0.912170443630034
655 527 -0.505816280334615
656 6351 0.731103670623348
657 10549 0.93391034545554
658 8476 -0.786366074439668
659 23603 0.477056377498044
660 6143 0.346914669298942
661 1846 0.219514262603806
662 51304 -0.545248693902416
663 10955 0.44211199826373
664 402 -0.562940081402543
665 4502 -1.31996847509797
666 4485 -0.821980341536342
667 10452 -0.330921154648978
668 839 0.190067925439882
669 51128 -0.600196259738424
670 4713 -0.405161495276821
671 10560 -0.657016826194155
672 54541 1.64984612761464
673 1800 -2.83642245303098
674 26517 -0.471538213161333
675 10154 0.684323983668273
676 1209 -0.546016735688595
677 3113 1.39776373649295
678 9918 0.342691189243775
679 9099 -1.70615805946198
680 130 -1.63079159096448
681 8836 -1.71754117596639
682 27429 0.212967878218945
683 79074 0.200333660679138
684 9619 0.47286904409152
685 11309 0.545835899432378
686 51660 -1.01627857843588
687 2110 -0.641144137233504
688 762 -1.19892222916027
689 60496 -0.529441847421728
690 55890 -0.491288007391982
691 51115 -0.388906777497322
692 4015 1.93768522253636
693 56948 -0.656257121262054
694 22848 -0.574597838231973
695 2213 0.484008098623444
696 51454 -0.439045076712156
697 28968 -0.204424343651281
698 9751 -0.33624373876209
699 1347 -0.439161113367213
700 3916 -0.415797945391489
701 79888 1.85775037022824
702 55291 -0.202241381471387
703 28972 -0.764695431334529
704 10203 0.430477108464008
705 109 0.536105512697647
706 4928 -0.219442268057374
707 23645 0.517266697418778
708 51078 -0.530928741093445
709 4815 0.247145118137089
710 55734 0.191948973976731
711 7512 -2.56589424879171
712 205 -0.939119184814635
713 5094 -1.01865192797874
714 22845 -0.395490134873694
715 10092 0.62831465027333
716 55911 0.297358983922588
717 11314 0.674572091946456
718 896 0.577409325529534
719 2947 -1.37052015642764
720 79170 -0.674932168038568
721 3936 0.48209664585051
722 5783 -0.600414964104353
723 4696 -0.490059280399795
724 9172 -0.464080730017018
725 57406 -0.954356659241757
726 2330 -0.616265481545547
727 4072 -2.34622274703251
728 3081 -1.38427252413461
729 80742 0.32448962199101
730 8528 -0.445378896871814
731 9514 1.32155898936958
732 55173 -0.553039158432122
733 5324 -0.150863786813582
734 1163 0.518745069650362
735 23136 -0.750759032205801
736 1468 -0.91887669124456
737 51367 -0.812585911552135
738 7490 -0.937766282433056
739 1676 -0.382702928410481
740 26056 -0.439250260882397
741 91647 -0.239188402908927
742 27175 -0.16843510280574
743 3779 0.423900462540581
744 6484 0.218399775308877
745 54440 0.684083953952593
746 155066 -1.49867256828232
747 11334 -0.385187595044479
748 4017 1.45300286074168
749 164 -0.358356478231452
750 4707 -0.586683486587239
751 10979 -0.607981840651593
752 6832 -0.285880299497396
753 159963 -1.16440544902182
754 23043 0.180874785612681
755 3305 0.350079859406318
756 1807 -2.34050201570259
757 23240 0.530690110916495
758 5910 0.190248791079693
759 55615 -0.711839440506808
760 11162 -0.419803350045567
761 1594 -2.09465821757129
762 79903 -0.286419741551918
763 435 -0.864554500338888
764 3818 -0.409388307043117
765 5789 -1.09569579515909
766 10163 0.641866247136984
767 56911 0.256444285382004
768 9807 -0.396246719708721
769 1267 -0.530825254890216
770 5827 -0.861608596558432
771 493 0.582351698080918
772 79718 0.373941846006903
773 80258 0.20262245607366
774 32 -0.82303984173928
775 6696 -1.00882579903134
776 2819 -1.57579055104623
777 498 -0.853926514227155
778 10801 0.466363593348089
779 23767 -1.83629967667552
780 9677 -0.285135710380325
781 4267 0.819081669296027
782 140885 0.884500538724448
783 9885 -0.330002742797133
784 708 -0.901724819505059
785 29780 0.42441417050217
786 23461 -0.328174857880522
787 10755 -0.350795639449876
788 55081 -0.615655587129223
789 5538 0.514312140054363
790 3273 -1.35384531563123
791 5327 -0.951676955372347
792 54811 -0.339941624475551
793 1675 0.954531243638591
794 2348 -1.73566169893379
795 3678 0.940368309213786
796 182 0.885470399584277
797 25814 -0.233794223153931
798 1915 -0.239193401261211
799 55893 1.38711134808423
800 10318 0.734898334929719
801 169611 1.02882104646598
802 10036 0.17373051715049
803 79023 0.280300493584757
804 11046 -0.402599392698349
805 6712 -0.410584717043013
806 5590 -0.711069820949033
807 4779 -0.537708359037765
808 949 1.4462449750024
809 1977 -0.383198869046276
810 8858 -0.948495089561639
811 59286 -0.329712931300559
812 79447 0.238058987803135
813 9332 1.53319254033473
814 79135 -0.642094208478269
815 56942 -0.759824468567528
816 3396 -0.442992017629021
817 9173 -0.42568490601015
818 51103 -0.575715748726865
819 5106 -2.30696790645413
820 56245 -0.422489001875092
821 1176 0.642835688453189
822 79714 -0.493620494733976
823 81575 1.75762789567903
824 4069 1.81216987832559
825 5440 -0.525938991101779
826 9289 -0.960843854952719
827 8477 0.261610146863529
828 5245 -0.837068419230809
829 3106 0.697993059781369
830 9836 -0.305324759973532
831 3855 -1.15957771146601
832 64236 -0.719942818555037
833 83443 -0.325150713753342
834 275 -0.87907629258412
835 9703 -0.770422719400798
836 6175 0.470765620667073
837 64081 -2.07243729252355
838 5602 -0.647159942882183
839 1237 0.202361211163684
840 51526 0.22036242976346
841 64689 -0.326808434672555
842 2995 0.506466046642496
843 3012 0.258340896826822
844 51065 -0.40420212899488
845 5774 -0.808426092304353
846 10384 0.680363759558673
847 522 -0.975774861432074
848 29796 -0.533158136038285
849 64577 -2.06479371896044
850 3772 -1.86516169224075
851 535 -0.527197304846037
852 10439 0.498146539135274
853 3316 0.445978461049472
854 1644 -2.62695448245393
855 4601 0.859947432202588
856 7422 1.50925172999567
857 26873 -0.423752236405973
858 2242 0.201118418376421
859 929 1.21601223258264
860 26275 -1.6182322259266
861 1798 -0.373873209567061
862 2965 0.387180750579046
863 55312 -0.40344985257234
864 27257 -0.506251491825147
865 5680 -0.169208388206614
866 1524 0.812762903283178
867 259217 -0.685968410581967
868 23452 0.947514939314098
869 6252 0.24279540384264
870 64284 -1.01057237090777
871 2983 0.547687174233412
872 56288 -0.597396304127249
873 8760 -0.379071208284383
874 3373 -1.18955458962656
875 4695 -0.51242456867354
876 57476 -0.993967847557338
877 1953 0.281021938782062
878 10446 -0.277276756686347
879 2014 1.07028030402531
880 9639 0.711088778079145
881 3426 -1.25746787167631
882 1760 -0.499900462777196
883 55303 0.687637667950122
884 23023 1.35518023221383
885 4125 0.832817998059316
886 5341 0.308654936806471
887 3460 0.62301696659927
888 8722 -0.565162668693409
889 3115 1.28141888229206
890 788 -0.678317591157047
891 112464 0.952246471401303
892 25994 -1.09406548986628
893 7462 0.442739901958215
894 79762 -1.10312553241966
895 27109 -0.159529426536762
896 9848 -1.05523428065297
897 10975 -0.454785024844616
898 953 0.449593227295227
899 5037 -0.93797660086326
900 140801 0.298508744554606
901 81892 -0.744087839383923
902 51177 0.979439481048177
903 6146 0.22523551723522
904 3059 1.30948627152777
905 5880 0.862139186908569
906 83638 0.295583058815913
907 9453 -0.166515788065212
908 5442 -0.489545153733693
909 221061 -0.75989183778004
910 5860 -1.47772844852057
911 80017 -0.760331197470655
912 8976 -0.165291156870348
913 3248 -0.298276543701671
914 1014 -1.54097003099324
915 10053 -0.901874779042265
916 11034 -0.308215435611812
917 10160 -0.502332102857527
918 972 0.690455922585665
919 51196 -0.378526495322185
920 5339 0.480216829673752
921 4043 -0.610298601065789
922 25802 0.16613229918191
923 11147 -0.42229590226464
924 83442 0.873337767991703
925 399664 0.511247495397312
926 2168 -3.00571439619332
927 4499 -1.47685798871255
928 10730 0.341386886202943
929 22846 0.735080265448138
930 6727 -0.350145169483151
931 689 0.402534619263164
932 51042 -0.341146672943328
933 9054 -0.452223912573279
934 2824 -0.178180373093622
935 10157 -0.731456123715781
936 8975 0.489727170033403
937 3714 0.767874470637182
938 1733 -2.6671159879565
939 713 1.95321174869157
940 1409 -1.35114152688001
941 80169 0.32136286424823
942 81831 1.80155145163461
943 55723 0.266922788849483
944 51104 0.30597173406627
945 57402 -0.393931304321823
946 230 1.06047279383475
947 6239 -0.600555376553521
948 11261 -0.914038486567854
949 85477 -0.272555284158428
950 8309 -1.64802991584768
951 5805 -0.459238701895627
952 655 -0.312038577174257
953 3428 0.818649863508414
954 4035 0.621998224467509
955 5955 -0.459663476417398
956 9013 0.141150095503856
957 1616 0.261968697702805
958 11326 0.958412467096527
959 292 -1.01331125517969
960 8992 -0.33980549270143
961 56898 -1.57828391875927
962 27128 0.632190597189398
963 11094 -0.313297513485408
964 3570 -0.724341894459394
965 3242 -3.10480222137216
966 4234 -0.509359544779421
967 7097 0.629730077704788
968 1981 -0.541511084045758
969 79837 -0.604985704737942
970 54726 -0.175112099578254
971 51393 0.562091916469849
972 54676 0.32463795900167
973 9588 -0.369860602973841
974 54363 -0.190928912676753
975 6217 0.248510659074556
976 27068 -0.793594215852617
977 6118 0.452110710120522
978 83660 -0.726744330078197
979 2701 0.649927815248081
980 57062 -0.606210307830753
981 2799 -0.582101797937828
982 285830 0.31586680244657
983 54502 -1.05667781733227
984 50515 0.248610094138376
985 2107 -0.382341172468179
986 25966 0.64233537905815
987 8444 0.313278039494032
988 10561 0.241329825728641
989 28958 -0.666900755832543
990 51267 0.405192362063008
991 6319 0.483577013770733
992 2184 -1.12836620544621
993 8445 0.300356774450501
994 8301 -0.397095742214555
995 5250 -0.536076490351522
996 112399 1.41975206569354
997 8209 -0.923899371396141
998 10864 -0.152050221078593
999 4853 0.475839985548297
1000 6382 -0.969055410655955
1001 6990 -0.896159616334301
1002 8788 -0.165326737451934
1003 7430 -0.583186812802977
1004 160851 -0.239471467999119
1005 7450 2.61826630127215
1006 375056 0.271748260700365
1007 55041 -0.795002784375555
1008 1678 -0.166676733150165
1009 63906 0.323815232020868
1010 5101 -0.141977348574398
1011 3956 1.4381473469672
1012 4128 -0.77463365915675
1013 3553 0.310524829965838
1014 5494 -0.180653348617611
1015 23002 -0.530408561079758
1016 3134 0.95165464064744
1017 8819 0.478750889565761
1018 3429 1.29427275375911
1019 4311 -1.91050605476776
1020 9861 -0.652511697479609
1021 6237 0.522774378736939
1022 63933 -0.643642590450004
1023 1363 0.957699006195816
1024 11184 0.34087820676304
1025 11200 0.192011828639465
1026 3773 -0.90131513299667
1027 2828 0.472242695117961
1028 2239 -0.464335367765506
1029 57805 0.172725400173948
1030 10413 -0.335701254800822
1031 4627 0.449486775887788
1032 389177 -0.235331277488995
1033 2296 -0.519964790812522
1034 26994 -0.558439923442657
1035 55607 -0.6075417059719
1036 91683 0.247607898316146
1037 56851 -0.383289278698832
1038 50628 0.194997419247583
1039 5298 -0.155425167124119
1040 4817 -0.528429518238124
1041 6494 0.258007170012301
1042 54858 -0.420492391903938
1043 642559 0.342286836975636
1044 3241 0.703107857147062
1045 9459 0.474403267488486
1046 51099 -0.390969425594801
1047 23270 -0.48778569563892
1048 11313 -0.301569089597249
1049 7130 2.40414531906249
1050 57001 -0.197461378397342
1051 1573 1.73978870545193
1052 3029 -1.03117437707107
1053 23113 -0.208325725044362
1054 6400 -0.227883723271868
1055 2319 0.150053107301805
1056 3588 0.669649505684994
1057 5791 0.81280590281571
1058 11223 -0.565182076019147
1059 379 -0.43732379606603
1060 7580 -0.395563263166622
1061 3601 0.330648643707656
1062 57572 0.243233283244046
1063 1282 1.49038381717885
1064 4782 -0.463001236078373
1065 6001 0.177933080945608
1066 11136 -2.19008933131246
1067 1794 0.679072767824318
1068 5862 -0.552005510162398
1069 5191 -0.246262990883905
1070 64854 -0.15350817791664
1071 3055 0.907425723200121
1072 57404 -0.208149825174034
1073 57460 -0.756011004642929
1074 6507 0.897114401253594
1075 23625 0.407920788664115
1076 5331 0.241329206211797
1077 50507 -2.27501247452723
1078 958 0.427060314254608
1079 187 0.582421246080974
1080 1201 0.226121959828842
1081 857 1.53910808662811
1082 65264 0.327726680328899
1083 1605 -0.611404235707364
1084 55577 0.354082996048159
1085 5069 -0.592194316104556
1086 6652 -2.11175719626519
1087 3155 -0.739747123615169
1088 5816 -0.825506559000357
1089 1152 -0.718037449129257
1090 64778 1.16178180141669
1091 9863 -0.468759847750233
1092 25960 0.431806624497947
1093 10392 0.345924710523563
1094 7090 0.248551778369769
1095 2064 -0.592806840257824
1096 9353 -1.19614703894942
1097 635 -1.65847434590599
1098 51378 0.185427029419839
1099 6249 -0.288747989279095
1100 56924 -0.223273180393366
1101 9823 -0.632039276324912
1102 53335 0.197076744405009
1103 65258 0.207953918717611
1104 117178 -0.34054063256334
1105 51382 -0.845615857662478
1106 9901 -0.247096176001535
1107 6396 -0.47606095165666
1108 5420 -1.05910743987221
1109 51335 -0.385558635049904
1110 341 1.49359498337546
1111 10542 -1.00658327360074
1112 4437 -0.184136945243212
1113 51015 -0.894809586333031
1114 55745 -1.06158287732595
1115 11255 0.350875509952275
1116 3620 0.747020018850401
1117 56833 0.434316046127232
1118 6890 1.06674699515132
1119 515 -0.624141167666494
1120 8604 -0.265364808223722
1121 4051 -1.70348692267642
1122 6431 -0.443964606792097
1123 5922 0.161681955211367
1124 51179 -2.30531757822975
1125 5441 -0.439905154493188
1126 10256 -0.215207432277301
1127 4140 -0.255731109724249
1128 55604 -0.615954271225836
1129 3669 0.908039799198034
1130 2898 -0.191285386282793
1131 23550 0.242788346788871
1132 334 -0.425582826999143
1133 6787 -0.218268137966359
1134 55652 -0.373223694781305
1135 26232 -0.292433950669733
1136 51063 0.512467518626176
1137 23643 1.08852255225436
1138 8558 -0.276406117237383
1139 7001 -0.440860767804331
1140 79365 1.94162242498798
1141 8763 -0.705734734010013
1142 65985 -0.392127749702873
1143 100288413 -0.212597680780581
1144 4036 -1.14193995872086
1145 100 0.268345109927816
1146 55664 -0.510551697346001
1147 3710 0.8629901004017
1148 3889 -0.216341156702102
1149 28957 -0.569239562485638
1150 391 0.453493429367536
1151 10351 -0.80294789278583
1152 4677 -0.584261791653441
1153 26121 -0.20919861365411
1154 80307 0.22008675219126
1155 64897 0.29978328858712
1156 3093 -0.310502250616139
1157 51759 -0.356467432660391
1158 8985 0.627658567512817
1159 10776 -0.306593721486791
1160 55703 -0.354226403894806
1161 63917 -1.28509404995736
1162 51294 0.49090974750678
1163 6388 -0.168850524075856
1164 549 -1.25068579904067
1165 4794 0.544337486902176
1166 10460 0.426479500642183
1167 173 -1.81128131382348
1168 6303 -0.600077163551802
1169 10397 0.579217769575864
1170 947 0.890931557582873
1171 2628 -1.64372349292693
1172 23560 -0.353342764368342
1173 51751 0.367409825971688
1174 54996 -1.52931871700078
1175 51154 0.206756280975799
1176 219699 0.760848011420556
1177 8202 0.556427629783435
1178 23741 -0.602304774460322
1179 5585 0.419784744473479
1180 3635 0.694549095695654
1181 2280 0.404534483011583
1182 5507 1.28252159154058
1183 6018 0.340435682327647
1184 60495 -0.207766480400383
1185 3561 0.698201984833272
1186 9246 0.668149426449917
1187 124044 -0.38974192027261
1188 7431 1.1577758339322
1189 2212 0.867288132234744
1190 1117 0.229607909710219
1191 10989 -0.58535005063553
1192 6627 -0.387892992029615
1193 9326 0.351303320646545
1194 11156 0.74172284415391
1195 80219 -0.515490319467418
1196 254531 -0.134738470225822
1197 55201 0.378067939439658
1198 3720 0.340244069679013
1199 100506190 -0.141315513910035
1200 8733 -0.324367423613452
1201 10950 -0.364626069986543
1202 11096 0.84898568190015
1203 4704 -0.765291634194202
1204 133 1.13924675078579
1205 28966 -0.317046206293732
1206 22977 -1.34937919770957
1207 6561 -1.3962878295262
1208 79442 -0.150360024031621
1209 23170 0.224399169766294
1210 29911 -0.317120846115404
1211 80762 -0.570039937909781
1212 6309 -0.689369975506881
1213 1080 -0.217524300473438
1214 6165 -0.283840714792879
1215 3399 0.928981300536394
1216 26227 -0.997247982137043
1217 1374 -0.618794848696119
1218 7259 -0.784391035049241
1219 55290 0.257481167820091
1220 84759 0.432583999000488
1221 11161 -0.469843181135518
1222 539 -0.294736100289358
1223 80036 -1.09990535929092
1224 1643 1.07063606417175
1225 22928 -0.92690124798204
1226 9931 0.381993568238788
1227 9122 -0.656889670031616
1228 501 -1.02198857714279
1229 2169 -0.247194209507269
1230 463 0.235363845554349
1231 5340 -2.09438914698057
1232 56006 0.274937122220645
1233 79629 -0.306063880111439
1234 5105 -2.65516973088172
1235 11027 0.19146651414444
1236 10254 -0.168177123323488
1237 7409 0.272115873694888
1238 51368 -0.460377771319878
1239 23265 -0.279733975515645
1240 8555 -0.553303333727264
1241 1211 -0.287707658068785
1242 9553 -0.584808395449022
1243 23231 0.956123722288437
1244 64083 -0.410439741161475
1245 80031 -0.322270818471448
1246 23564 -0.356187435221951
1247 10171 -0.408987797919971
1248 2525 -0.583786858982938
1249 55859 -0.446809969362779
1250 22929 -0.343075434797902
1251 9535 1.10939546068667
1252 58497 0.189421417517442
1253 55626 -0.286942573706354
1254 51204 -0.464770266627935
1255 8321 0.721114481961024
1256 38 -1.39044191215759
1257 56156 0.255666720691854
1258 223 -1.00137493683245
1259 5932 -0.624335345135888
1260 23359 -0.244470948299845
1261 8318 0.140333779923112
1262 79145 -0.394283548135916
1263 100505761 -0.242840548901612
1264 100996492 -0.26726686528912
1265 6611 -0.628806504394793
1266 11190 0.263459300209543
1267 2273 1.30016276986268
1268 9376 -2.50454917751776
1269 1453 -0.424975271709625
1270 5586 -0.990459999854826
1271 10778 -0.242882417858235
1272 291 -0.935211046840705
1273 23462 0.901825429557729
1274 6530 -0.247831065133806
1275 55735 -0.511128923518346
1276 3157 -0.438466781505157
1277 9728 -0.468115508756819
1278 664 0.804216465509192
1279 23014 -1.19815193050855
1280 3884 0.219946837013885
1281 22873 -0.41055133677014
1282 65260 -0.335152186212587
1283 327 -0.735078487874306
1284 8777 -0.870060957674196
1285 9422 -0.296443306491793
1286 8574 -0.711802373513306
1287 55106 0.240099301016176
1288 83440 0.311560619612129
1289 55160 -0.390488592677204
1290 103910 -0.356955210879816
1291 7026 -0.603579375196881
1292 1610 -1.26545053231843
1293 5208 -0.895497069536238
1294 55692 -0.243304814785432
1295 1350 -0.375667656988716
1296 2222 -0.944291896992112
1297 5238 0.212204793292581
1298 4891 -0.48189374181737
1299 9704 0.191619975213484
1300 10788 -1.05935761977983
1301 3107 0.48966539247651
1302 10565 -0.545105157157575
1303 9463 -0.267760626359849
1304 2705 -0.960482913773381
1305 56848 -0.511561898495835
1306 509 -0.564436656147388
1307 6732 -0.58654579958121
1308 1773 -0.39346013841891
1309 10025 0.180448611917814
1310 3383 0.340119542207603
1311 9731 -0.27446349670329
1312 79728 0.244037048303489
1313 7291 0.149942661431728
1314 9314 0.317597434522616
1315 81545 0.138344385414035
1316 889 -0.232483898198742
1317 23479 -1.01652606095005
1318 23590 -0.2739917469991
1319 2166 -0.58726620334571
1320 5184 -1.78796640717482
1321 1212 -0.329787406929536
1322 9124 1.15493184430383
1323 486 -0.972201664161517
1324 64981 -0.770346256565433
1325 858 1.31467502949897
1326 54987 0.281830955545344
1327 8100 -0.315886306105104
1328 79058 -0.445616341331974
1329 288 -1.47123615357849
1330 4837 2.48730022751749
1331 89853 0.250114222118281
1332 2958 -0.38624335543868
1333 10112 0.275059248062595
1334 572 -0.194858626654522
1335 5888 0.235956934544276
1336 10844 -0.377896509887956
1337 79742 0.258201279880769
1338 1499 -0.217652124982209
1339 5782 0.784778809422198
1340 6556 0.250258642153756
1341 23102 0.399191825816702
1342 6515 1.12025423149478
1343 51379 0.50435162666892
1344 57045 -0.192882443067523
1345 10650 0.250675602384923
1346 51069 -0.418461028326711
1347 866 -1.14780636096674
1348 10966 -0.726231693109317
1349 5519 0.160225993657772
1350 55867 -0.990975802214145
1351 4162 1.60429234116827
1352 965 0.28081742783322
1353 5788 0.980182976932337
1354 22908 -0.716054501536324
1355 80052 0.112130723220524
1356 670 -1.19049710828285
1357 9091 -0.206213563546005
1358 10381 -0.52111685623575
1359 54537 -0.405929285010332
1360 5900 0.408892580805947
1361 51302 -0.171345300266827
1362 3295 -0.553820654688064
1363 249 -0.560363886632815
1364 9134 0.107209969032301
1365 8535 0.199105538030199
1366 5740 0.188581316743818
1367 9970 -0.401156532550351
1368 64940 -0.171087759777966
1369 643376 -0.217286705412952
1370 1576 -0.258574892119916
1371 9815 0.281123621963488
1372 728621 -0.150223344178873
1373 28973 -0.244032234839628
1374 558 1.15107593170527
1375 64393 0.203027500459057
1376 5174 -1.4526594329209
1377 1376 -0.714730927068484
1378 1184 -0.406019083580346
1379 9380 -0.85851792697335
1380 10612 0.271076953271343
1381 9612 0.730669385784871
1382 3231 -0.409005366903616
1383 25849 -1.33911459790267
1384 10144 0.765139782862327
1385 8407 0.731863355919309
1386 311 -0.469211368687814
1387 55062 -0.503169955169775
1388 84619 -0.881643464239167
1389 989 0.564930821008579
1390 28984 1.34189843130226
1391 2326 -2.13318926615291
1392 5885 0.289310653330006
1393 5087 -1.12395618230433
1394 1995 -0.301661672137882
1395 9328 0.1815206055777
1396 138046 -0.707719452206003
1397 1663 0.315363531798494
1398 51735 0.444124876470731
1399 55278 -0.200312726097724
1400 2063 -0.579026544986483
1401 7096 0.236544700658007
1402 1522 1.50819640546051
1403 60488 -0.579068441274697
1404 5034 0.606769352306236
1405 5878 -0.464729068408582
1406 3784 -0.378219539565527
1407 27034 -0.987715673942347
1408 2091 0.787824242516741
1409 5313 -0.765775278705796
1410 3087 0.268563551577624
1411 22861 0.523159587914594
1412 58525 0.204113547180205
1413 100506898 -0.206818160335045
1414 5447 -0.825833965600639
1415 55149 -0.277477925448159
1416 23365 -0.298048784649678
1417 6568 -1.31348425634574
1418 3902 0.401382560096654
1419 5121 -1.68865501675774
1420 7075 1.06424787355309
1421 23526 0.779597426022995
1422 5205 -0.606546824865589
1423 585 -0.252108024173863
1424 51097 -0.465424853274236
1425 3313 -0.84529770054005
1426 4040 -0.162666543032081
1427 84909 -0.54455390958125
1428 4674 -0.249697505563375
1429 4854 0.775379159376285
1430 7915 -1.08825687549036
1431 11118 1.10997116742252
1432 10654 -0.38911066531185
1433 9512 -0.457862367567335
1434 56606 -0.786199593885165
1435 51507 0.235969592897353
1436 4624 0.19101088086016
1437 51531 0.251808323608874
1438 6169 -0.351925397721024
1439 9641 0.169651989337472
1440 514 -0.452504438443194
1441 10444 -0.374936166956572
1442 56647 -0.425630269924019
1443 368 -0.415335509100379
1444 4860 -1.22584403109839
1445 525 -0.680826881598829
1446 4938 0.283248773331506
1447 9404 0.516010079765132
1448 3069 -0.164178017474542
1449 6793 0.458103763313778
1450 637 0.472752604076634
1451 7108 -0.814935557495103
1452 3603 0.555218657985522
1453 51361 -0.665801030313716
1454 1359 0.411420161063078
1455 64963 -0.213390265368362
1456 9513 -0.311326713722404
1457 2643 -1.46436543270263
1458 28831 0.18665222111974
1459 55347 -0.723230450254991
1460 2332 -0.910440762707429
1461 23766 -0.367225778882259
1462 375057 -0.284599552271174
1463 916 0.422480612939041
1464 1004 0.56827251117477
1465 6404 0.657259892063633
1466 23334 0.221803390460419
1467 2013 0.47103391218999
1468 5279 0.330273933228753
1469 6647 -0.736323274087335
1470 10391 -0.270706212891186
1471 55540 -1.45354038934728
1472 382 -0.534211072927531
1473 9935 0.858479773429419
1474 5546 -0.257400914217575
1475 1520 0.832371694632929
1476 1992 0.542182341692692
1477 3137 0.69171829093869
1478 5329 0.174158714413761
1479 54663 0.182663578145108
1480 4482 -1.63435564724034
1481 81542 0.341861101657761
1482 3785 0.180217599259777
1483 2210 0.708460026110503
1484 3308 -0.640457669544704
1485 7314 -0.472396377622088
1486 4190 -0.852526645031705
1487 64108 0.869299367514834
1488 4885 2.38830671128441
1489 11151 0.937426941239027
1490 873 -0.597909223458363
1491 11104 -0.315528037475445
1492 730 -1.9091213495978
1493 3480 -0.311701625174009
1494 5551 0.610010634906906
1495 4673 0.628075627042158
1496 5453 0.284955959029375
1497 25807 -0.253421382865802
1498 3597 0.247089460655698
1499 6446 -0.65230955948889
1500 29893 0.149079566780796
1501 5002 -0.816918758583814
1502 4082 1.31264787464365
1503 3003 0.786670687478509
1504 2016 -0.437003350828176
1505 55207 -0.49804077597654
1506 201191 -0.134375874278965
1507 55937 -1.59573036364597
1508 54927 -0.392397166333287
1509 51562 -0.221558538982413
1510 5583 0.843433973887922
1511 6591 -0.394060439439761
1512 10658 -0.406669902904724
1513 54908 0.145549854697711
1514 26589 -0.372359515733493
1515 26268 -0.505793689654031
1516 1025 0.224450283985526
1517 2175 0.244913538209278
1518 4037 0.502925153186483
1519 5141 0.715232658981003
1520 6928 -0.2471250139581
1521 4635 0.128978375611299
1522 27348 0.375783963382083
1523 6039 1.04546509154423
1524 3320 -0.797979941272276
1525 4818 0.527441615975643
1526 30814 0.161889313070528
1527 79624 -0.425843965383121
1528 6772 0.343874613391328
1529 5199 0.28045759701889
1530 7923 -0.511733764222599
1531 79153 -0.488726830331511
1532 5836 0.68090012963215
1533 10845 -0.227618853980655
1534 10206 -0.422309757785935
1535 4802 -0.293040668914295
1536 55629 -0.312516800969503
1537 1462 1.86820390508322
1538 50485 0.257321945660935
1539 124152 -0.312727248285532
1540 5188 -0.378533590113933
1541 4942 -1.10002693961773
1542 1956 1.68754565050362
1543 6834 -0.465794582828893
1544 5469 0.283719438446846
1545 6788 -0.329532755321541
1546 51144 -0.451026777205694
1547 10295 0.435665174754771
1548 63940 0.617824157239447
1549 23635 0.212533298189341
1550 23192 -0.275073236142247
1551 219 -0.789656717792008
1552 10906 0.306885685147461
1553 81539 1.13387366016965
1554 221981 -0.469814447340751
1555 4828 0.396121118776938
1556 203068 0.523249078880603
1557 22924 -0.408476156201492
1558 11067 1.01623017121351
1559 10490 -0.643082179817823
1560 26058 0.223400469362135
1561 933 0.203878857371691
1562 9108 0.15827896016838
1563 5693 -0.399220870954274
1564 9670 -0.428525731418087
1565 6624 0.472268010862505
1566 9980 0.14809251801928
1567 444 0.191473228431188
1568 54805 -0.40796155126489
1569 6746 0.378596678188192
1570 3431 0.579866963669064
1571 7385 -0.374291422496077
1572 9144 0.608465776267074
1573 27252 0.218802705816177
1574 9618 -0.309863075310762
1575 54995 -0.320076947049481
1576 1345 -0.305981680431445
1577 9771 0.264045558949176
1578 79180 0.456840675754246
1579 55116 0.320780332388771
1580 11152 -0.224437715273252
1581 56987 -0.533083618778668
1582 55930 -0.260156965806697
1583 79940 -0.167573066079357
1584 3816 -1.0382832040565
1585 10553 0.719696125888628
1586 81693 -0.290577314395046
1587 91289 0.225222071418994
1588 79668 0.247730692259833
1589 55666 -0.488060234885875
1590 83696 -0.227844375575642
1591 1396 1.29721001917894
1592 55332 0.577149781941224
1593 6193 0.508823599464078
1594 64174 0.446474635851446
1595 6925 1.355964859175
1596 10962 -0.293952917164087
1597 23576 -0.910905462498867
1598 4835 -1.31416511713974
1599 8729 -0.32086597051635
1600 5478 0.238081091076483
1601 360 -0.891826280409708
1602 10866 0.654934531000698
1603 607 -0.138644987855168
1604 2911 0.172723756722944
1605 7019 -0.48365984514083
1606 55810 0.298475660768074
1607 9537 0.405051755749534
1608 5156 -1.13588330466183
1609 11232 0.154377834528444
1610 25780 0.338939031577395
1611 9416 0.298166912468317
1612 56998 -0.349501817585228
1613 10591 -0.619475826280166
1614 23264 -0.524673605862383
1615 10667 -0.269035285311788
1616 4522 -0.809293923868347
1617 2171 1.26770929462873
1618 51075 -0.422078791170041
1619 29103 -0.511444540748027
1620 25940 -0.619637233279001
1621 2803 -0.277072789794321
1622 4688 0.545235526397529
1623 10455 -1.21343167221037
1624 79154 -0.294915844467651
1625 79007 0.244297373332041
1626 140467 -0.313367417118162
1627 7390 -0.45518742104218
1628 6731 0.340618848203023
1629 7009 -0.526786008063469
1630 54662 -0.559470095488678
1631 29116 0.564855471450948
1632 1263 0.276016724981055
1633 5965 0.201255370424311
1634 516 -0.486127025395415
1635 5998 -0.848520687012194
1636 2592 -0.377272127295923
1637 4357 -0.49888009461678
1638 9242 0.358837071002117
1639 1615 0.636219727409986
1640 290 -1.39301521842027
1641 54902 -0.540372927991478
1642 102157402 -0.332968224783059
1643 1006 0.12510057363902
1644 64328 0.180540450260936
1645 5979 0.202213734234698
1646 6850 0.440251761893634
1647 7098 1.30781834220526
1648 79819 -0.144266816637855
1649 57148 -0.150257499991518
1650 79017 -0.471998250545218
1651 65018 -0.463980337791401
1652 11018 -0.283608018206677
1653 2355 -0.211699853728984
1654 9131 -1.2934768882806
1655 8382 -0.544437083948234
1656 10687 1.29030029462025
1657 79848 -0.461625979618414
1658 10827 0.211786401527667
1659 48 -1.12059023128463
1660 4893 -0.178071017087312
1661 55129 -0.573964860406694
1662 54974 0.245315459760447
1663 4738 -0.194813262054407
1664 1358 0.172803187022813
1665 26999 -0.968548763767973
1666 1579 -2.38930259352505
1667 7107 -0.967711508774107
1668 8448 0.370060601918124
1669 3983 -0.5603828481321
1670 9938 0.656207732175153
1671 2512 -0.352762059271425
1672 23139 -0.351527907248411
1673 51363 1.26386855753413
1674 1140 0.202117860395564
1675 55107 0.277742684300311
1676 948 0.932498724076392
1677 10111 0.408673483156969
1678 6477 0.113723052589094
1679 8065 -0.237248663055372
1680 3133 0.780098392091277
1681 55353 -0.640816071377108
1682 348 -1.31259338650935
1683 10440 -0.473841266385592
1684 8228 -0.377998439234456
1685 5825 -0.754331338364436
1686 10840 -1.41618360939418
1687 84288 -0.132322898489483
1688 4968 -0.324596831582748
1689 54566 -0.354677846221901
1690 116496 0.914532572793232
1691 316 -1.80449125709459
1692 8061 -0.254193429540897
1693 7737 0.313734023469675
1694 51409 -0.154601618013246
1695 8491 -0.314231784851269
1696 2200 0.176603161911724
1697 10725 -0.263034532628255
1698 8527 0.550233306564409
1699 2079 -0.373343231505332
1700 3105 0.501298870345174
1701 64220 -0.611714973253755
1702 64798 -0.844851787020163
1703 79651 0.600105885506161
1704 5306 0.403186151598682
1705 22997 -0.142528366845032
1706 9937 0.215960870542184
1707 11338 0.176686279831583
1708 4232 -1.26602362251719
1709 4650 0.305935348637092
1710 57007 1.37503111272645
1711 8864 0.439092750003539
1712 2896 0.383753201870997
1713 9796 -0.260200473887331
1714 79944 -0.200581849779012
1715 3514 0.265001863037424
1716 56947 -0.648292954141654
1717 23174 -0.404764635929751
1718 23336 0.653816838265507
1719 56913 -0.204984893744382
1720 8853 -0.637627178871471
1721 1796 0.299378394782324
1722 6786 0.425340361426293
1723 9873 0.541088959361058
1724 2778 0.275974067693269
1725 1909 0.204353526495599
1726 813 0.762412184002272
1727 50999 -0.426314487873601
1728 9693 -0.332707968368996
1729 5244 0.325902100035788
1730 440026 -0.292915300837968
1731 130074 -0.349391012074806
1732 3791 0.776865435373307
1733 196403 0.306523606412928
1734 80352 -0.191166126806769
1735 64761 0.626301500713702
1736 5175 1.1411298195764
1737 79690 0.304915240466615
1738 79025 0.224082749359612
1739 5810 -0.279975407217673
1740 924 0.297555613886284
1741 59307 -0.930010863882351
1742 145678 0.182953507357424
1743 11006 0.175689939346992
1744 65057 0.333593904182059
1745 529 -0.414813271852182
1746 2052 -0.970887279529475
1747 2215 0.62927135519411
1748 221472 0.126213787622527
1749 373156 -0.404353458996008
1750 54866 0.265524195185158
1751 57142 -0.369067126596157
1752 55800 -0.156628340477584
1753 2533 0.668390104198634
1754 80254 0.241544399831802
1755 2272 -0.654007483611681
1756 80896 -0.786711017893921
1757 29991 0.210289250020547
1758 23510 -0.223985950239133
1759 204 -0.684711804443383
1760 134 -0.291035043713364
1761 60313 -0.412903786570176
1762 55252 0.325137265308315
1763 416 -0.382933076944115
1764 2029 -0.479716067178583
1765 9445 -0.385874254336118
1766 2817 0.231642818808886
1767 2109 -0.669626189011527
1768 1268 0.151548698322935
1769 55684 0.171921434851157
1770 113146 1.90985159951699
1771 2710 -1.1109649553486
1772 10430 -0.298061305177413
1773 81848 0.490761236502389
1774 10277 -0.104792280012113
1775 29015 0.203564338168101
1776 131408 -0.247176484581996
1777 6641 -0.168090414186202
1778 10270 0.30458772102044
1779 1666 -0.902533453001158
1780 4855 0.613792988483886
1781 79064 -0.363596862950865
1782 9569 -0.402539245125183
1783 25957 -0.696641682801825
1784 7516 -0.197407919234701
1785 1384 -0.404891293809081
1786 79157 -0.195429082066649
1787 3908 -0.232749501113275
1788 26007 -0.868345897713712
1789 51205 -0.488625965625491
1790 10938 -0.163199488766841
1791 79078 -0.218951721661299
1792 5707 -0.297181598783949
1793 9363 0.25641647066495
1794 9071 -1.16036842395575
1795 9271 -0.0950578566549911
1796 5256 0.873940872646352
1797 4967 -1.05750506608516
1798 7414 0.130300675116845
1799 10286 -0.451279005566541
1800 2634 1.14523384275671
1801 727 -0.27101249923264
1802 9232 0.607305166916863
1803 8314 -0.215257783595934
1804 285527 0.506666331617959
1805 914 0.944952407769364
1806 55844 -0.194507659863945
1807 8972 -1.70448577645555
1808 1416 -0.132708032177676
1809 1942 0.574774852671784
1810 26152 0.207652845033897
1811 4200 0.285126761583334
1812 80183 0.313224450002041
1813 3052 -0.359938770540147
1814 4323 0.163918991876836
1815 2769 0.299358328302835
1816 8871 -0.394184071330127
1817 2487 1.11759448102974
1818 10848 0.499599017262575
1819 1112 0.471895177127979
1820 93408 -0.316217023363164
1821 84516 -0.239091797642014
1822 10795 -0.306813001727856
1823 9128 -0.388480671009368
1824 2649 0.231782620583972
1825 64091 0.176314735089824
1826 27258 -0.411188885507016
1827 3142 0.451966028534892
1828 25792 0.238808676077454
1829 945 0.200264281127988
1830 374291 -0.469722496400168
1831 629 -0.281852702348647
1832 4131 0.142266522788105
1833 8438 0.229547078410068
1834 1804 -0.314803547664657
1835 6713 -0.641379720553572
1836 55715 -0.175523634486891
1837 3566 0.751205255441744
1838 8452 -0.559103634346694
1839 51741 -0.473131117158029
1840 80148 -0.497703490192063
1841 51093 -0.190638081736799
1842 4277 0.325351383317678
1843 56892 -0.836872841592302
1844 26353 0.848705095240977
1845 4242 0.523928893253023
1846 3762 -0.113851685625795
1847 51073 -0.290232056945348
1848 26220 1.04351089643549
1849 56915 0.388553826704955
1850 9768 -0.150669062377533
1851 3417 -0.949945137112277
1852 4283 0.98767420873693
1853 22849 -0.122421078803198
1854 56005 0.456470444448377
1855 310 -0.528298947658693
1856 912 0.302854911895331
1857 5315 0.9685566005497
1858 755 -0.194496893182524
1859 10810 -0.470078126916679
1860 79746 -1.14568091016579
1861 6678 0.974196706182539
1862 54677 -0.30340286828128
1863 11221 0.368956830671102
1864 25963 0.488430676440849
1865 28955 -0.483291223130144
1866 92086 -0.815370787963182
1867 7045 1.81471695989929
1868 51411 0.503855275439845
1869 79697 -0.337894755270947
1870 60489 0.47303381676705
1871 23366 -0.163209042560518
1872 57194 -0.150262059385636
1873 51 -0.599403600448821
1874 50717 -0.324700435719236
1875 962 0.655382469898457
1876 1962 -1.15239160513993
1877 5202 -0.386272384554101
1878 8851 0.123455191589342
1879 4205 0.149975178727781
1880 2037 0.281895994240924
1881 54207 -0.46257520260323
1882 29969 0.494321810149715
1883 22907 -0.293931417793144
1884 1428 -1.2191281818583
1885 23382 -0.413157448795387
1886 79176 -0.21859882339151
1887 2125 -0.218187821960108
1888 11315 -0.301801442023775
1889 6445 0.391134020829735
1890 9046 0.409620989939762
1891 63910 0.281891831408315
1892 6721 -0.294426973741195
1893 10410 0.496459913497308
1894 132 -0.318333638425467
1895 23682 0.481705334177881
1896 10551 -0.364708087019546
1897 80310 1.42702336571069
1898 819 0.526960247886441
1899 81544 0.20079967332643
1900 6204 0.262099307771461
1901 3310 0.695667916053401
1902 6375 0.427758470412212
1903 8933 -0.199574458029915
1904 7133 0.578776012386492
1905 7341 -0.371986165477212
1906 26054 -0.441813149140174
1907 23704 0.427647429443494
1908 9903 -0.394253362435457
1909 55665 -0.396101973081402
1910 56180 -0.294692615289255
1911 10489 0.920015641911377
1912 9600 -0.264192083103472
1913 6210 0.28248744508617
1914 27242 -0.803185848224967
1915 10982 0.780958281027018
1916 5129 0.738637572125654
1917 5126 0.198778947256301
1918 8826 0.359877572549377
1919 7518 0.137203077631894
1920 51203 0.39545339468635
1921 55840 -0.768428999041828
1922 9802 -0.350655176590649
1923 23283 -0.152513141192403
1924 5894 -0.621877234075753
1925 7752 0.130288781426803
1926 4133 0.339777089599115
1927 23099 -0.144012374664641
1928 3482 -0.452752151684877
1929 55909 -0.214342743308211
1930 1071 0.520504022448525
1931 4771 -0.350875593171037
1932 3394 0.894061074312646
1933 3187 -0.128796613077681
1934 3034 0.174352187160627
1935 3594 0.222913432015127
1936 25939 0.288662344443041
1937 7533 0.834123768685226
1938 5775 -0.648470938914364
1939 3980 0.177637275679688
1940 2805 -1.09596582007783
1941 3425 0.250668536117369
1942 51011 -0.282046968545245
1943 58473 -0.275153584941438
1944 80173 -0.21225402910489
1945 11146 0.131596873318811
1946 79586 0.378992975326015
1947 5076 -0.278989348338901
1948 7088 0.208506831051841
1949 1029 0.312322280303665
1950 7163 -0.478990481642795
1951 2878 -1.2773105563035
1952 25769 0.253184727078721
1953 677 0.443453058992949
1954 6868 0.27689402110333
1955 7076 1.26475321670754
1956 7289 0.432349635409142
1957 221154 -0.751328024163132
1958 10376 0.453368671190546
1959 25847 -0.564064586456546
1960 1657 -0.730350738047918
1961 10668 -0.426012534981162
1962 23295 0.367578170010965
1963 1521 0.256277031662226
1964 51322 0.398496099788769
1965 1832 -1.08607426828212
1966 641 0.458766107224385
1967 4791 -0.0975812080899212
1968 7965 -0.450710464227463
1969 8208 0.278314105565728
1970 79641 -0.38219584907076
1971 54681 -0.325945144572753
1972 54490 -1.34673595465618
1973 51733 -1.37207240909158
1974 2123 0.63167274115365
1975 60681 0.971251136550869
1976 4338 -0.497069321804882
1977 8542 0.700863350805806
1978 6338 -0.418978456959985
1979 5927 0.0986002703952025
1980 64922 -0.758001935332553
1981 114625 0.177853916966521
1982 27297 -0.15663216905927
1983 93081 -0.414046316488242
1984 7014 0.281218396457315
1985 5214 1.58563766565641
1986 196 0.568189455188424
1987 1585 -0.33526634210311
1988 55450 -0.484896393193768
1989 55974 -0.299187536201342
1990 6942 0.251120211127539
1991 495 0.328863236854019
1992 2124 0.613617971889596
1993 4047 -0.410290406355988
1994 29072 -0.384945996168295
1995 23166 0.893509206471991
1996 57017 -0.75963548515856
1997 54539 -0.26990419434628
1998 54020 0.337712744228431
1999 9262 0.0987490122001837
2000 26156 0.474862719260976
2001 488 0.201556097940342
2002 6195 -0.22983180174976
2003 2130 0.271234343290826
2004 9787 0.213193512656532
2005 30817 0.242488910438397
2006 115123 0.172646712733491
2007 374 0.223892271053601
2008 3895 -0.588398344300963
2009 55720 -0.454053402114051
2010 51512 0.285424319622778
2011 27254 -0.551345729016275
2012 11331 0.301856839434612
2013 6531 1.50234117077409
2014 1317 -0.24104581484334
2015 7082 -0.640589112156683
2016 2329 -0.812284272003683
2017 11014 0.44198212321628
2018 350 -1.33017024154551
2019 5033 0.695367098525463
2020 23788 -0.795909897748093
2021 800 0.603019165076207
2022 4253 -0.325837097135943
2023 55281 0.810513879035519
2024 818 -0.4810704601802
2025 50863 0.116706420874423
2026 9603 0.257012645572221
2027 9360 -0.171380975694023
2028 11273 0.171161412602534
2029 197 0.16144569250222
2030 64856 0.601102073761007
2031 9479 0.149819943301106
2032 25941 0.182673348492098
2033 11189 -0.379381666762377
2034 80347 -0.237106165018227
2035 10124 0.34879929740457
2036 313 0.317560569425835
2037 7113 -0.330358720464138
2038 25813 -0.426025728009188
2039 84193 -0.656219978942923
2040 9698 0.349135093406425
2041 8624 -0.301998725859728
2042 54869 -0.456799427160646
2043 6223 0.650001097099912
2044 11224 0.446681376147046
2045 25988 0.238112177650316
2046 634 -0.609565841396669
2047 7298 0.66617944593821
2048 7703 -0.36727481783845
2049 57538 -0.224594525173218
2050 5564 -0.467055461183466
2051 6492 -0.337319489553702
2052 5228 -0.476450432381333
2053 55547 -0.196241514781095
2054 57125 0.531742280857598
2055 2697 1.48502660682463
2056 81578 0.621759141279798
2057 1534 -0.333769268531207
2058 9727 -0.770941306147977
2059 39 -0.194898048926204
2060 23130 -0.407529965884683
2061 2591 -0.445663221089099
2062 9869 0.359184078884654
2063 3778 0.926368071112585
2064 871 0.636430293035287
2065 10060 0.118464724290029
2066 65003 0.263426077131059
2067 10841 -1.47003309089141
2068 10605 -0.280961571827217
2069 1742 -0.244750844074631
2070 56681 -0.285967866041039
2071 50486 -1.51069523824658
2072 2053 -1.21349669943956
2073 2173 2.80835873038016
2074 5387 -0.134714082838795
2075 51559 0.396336425398031
2076 5950 -2.08759576576352
2077 10463 -0.703915991358389
2078 222255 -0.262664043051662
2079 55164 -0.183507370118532
2080 3866 0.203068539555968
2081 104 -0.229313670865551
2082 1738 -0.706186887419024
2083 23598 0.225861961551241
2084 4033 0.66691898975176
2085 55856 -1.09361954579865
2086 8404 1.21047102311242
2087 6835 -0.236205320268419
2088 23062 0.218238043678554
2089 10266 0.315364727711779
2090 55186 -0.99235490336588
2091 376412 0.228702977207477
2092 116985 0.147629361434227
2093 1737 -0.26465802050699
2094 23395 -0.278645719638499
2095 64398 -0.247193127132298
2096 10148 0.272087235708454
2097 51449 -0.957067446173108
2098 63899 -0.192922711302433
2099 50509 0.28047106926876
2100 8496 -0.408987890530935
2101 1284 0.955446530480563
2102 58472 0.474746668003318
2103 6877 0.205079743121781
2104 10007 -0.626650546569617
2105 4158 0.218385544976861
2106 65980 0.262903660171926
2107 835 0.286272951158054
2108 27067 -0.219172338189315
2109 2098 -0.130109784641532
2110 11178 0.322822356383886
2111 307 0.896939066689226
2112 23036 0.164391569479772
2113 10425 -0.271685586761894
2114 158471 0.715118369680093
2115 64777 -0.216155815583945
2116 2181 -0.570528386315248
2117 64405 -0.135118978090363
2118 51282 -0.443783486370042
2119 9806 -0.782406579460729
2120 29760 -0.653609492945034
2121 2639 -0.555346949793183
2122 4548 -0.336089361953289
2123 5189 -0.109926534877862
2124 3321 -0.560794650646565
2125 81689 -0.753370693588897
2126 55205 0.574362076442276
2127 51286 -0.173151268270317
2128 1491 -0.242598903304145
2129 5335 0.29982566178348
2130 8529 -1.38761629518849
2131 28639 1.15090746177519
2132 79961 0.475917761180198
2133 51642 -0.358977640085294
2134 8803 -0.790224664607483
2135 23504 -0.171625127931702
2136 2359 0.158876705982589
2137 254102 0.454015543381927
2138 9201 0.190525635361203
2139 9168 0.930103796290359
2140 84789 -0.170931924436432
2141 83759 0.416054753532224
2142 1013 -0.171242386034201
2143 79784 -0.171106146260358
2144 79006 -0.426289818287496
2145 6688 0.185565860970473
2146 55233 -0.17626151062098
2147 89927 -0.455323475396868
2148 91543 0.214552243372736
2149 79956 -0.459836777095052
2150 1043 0.941105585493445
2151 7507 -0.288185194137102
2152 3674 0.119756274769466
2153 5905 -0.227998743604398
2154 330 0.794610012234682
2155 10102 -0.442706936547321
2156 26577 -0.495310342489791
2157 1326 0.135108687850825
2158 55144 -0.460917831200163
2159 92211 0.785671794068496
2160 1306 1.18425390589167
2161 8340 -0.240886253699837
2162 3607 -0.201888517102801
2163 80339 -0.287549979956079
2164 2275 0.233084256116437
2165 9214 0.657824108437477
2166 2773 0.159598945891386
2167 1629 -0.488059516423592
2168 5046 -0.1680655492395
2169 847 -1.09901299435049
2170 10473 0.352188543998603
2171 101410538 -0.54368413653081
2172 3459 0.738507681854329
2173 2719 -0.787162223511998
2174 7167 0.402145645744072
2175 22899 0.339719224126276
2176 51389 -0.313968512258116
2177 5155 0.168124325472087
2178 9545 0.348408925835845
2179 55818 0.798134790540095
2180 100289473 -0.188629940580688
2181 8554 0.264544840137097
2182 79188 0.404014044744931
2183 10714 -0.510317029188461
2184 8839 0.39763882922735
2185 5337 0.143371039213321
2186 8530 0.43119392008192
2187 799 -0.137249352484708
2188 1475 0.83638678928657
2189 55142 -0.375737081944791
2190 3859 0.114475420156257
2191 1620 -0.227061681651119
2192 64850 -0.419697354863643
2193 55544 -0.36479043724746
2194 55558 0.293869696310362
2195 6924 -0.390923907111509
2196 6711 0.144559452051933
2197 2782 0.208521408151258
2198 9910 -0.299138712665309
2199 63895 0.559781537849015
2200 66008 -0.242490485968776
2201 5694 -0.274077600906182
2202 54210 0.229617542792591
2203 3910 1.03460278088231
2204 27134 -0.150852685112181
2205 6208 0.287537064492952
2206 5982 0.187808039765378
2207 93487 -0.615557805309715
2208 81033 -0.404325639238301
2209 2041 -0.134739333344625
2210 57556 0.309239126620425
2211 29935 0.135159413696307
2212 10188 0.429678812356309
2213 55794 -0.254926468011266
2214 5463 -0.148715961585807
2215 54836 -0.449420773569069
2216 114884 -0.144048905414358
2217 3790 0.47842213476213
2218 56994 -0.667625642233379
2219 8935 0.251791281397304
2220 23236 0.863754269191404
2221 1394 0.19771461000254
2222 5075 0.1388598382208
2223 353500 0.467527370824537
2224 4524 0.26070990422827
2225 303 0.183593540036875
2226 64175 0.428996718369152
2227 7039 0.866340674904187
2228 53346 0.310760173151822
2229 57147 -0.260579586596414
2230 6433 0.193889473206908
2231 3437 0.387167635081019
2232 1298 -0.221583984833684
2233 6392 -0.736401824112567
2234 54 -0.996422772229466
2235 16 -0.375269505568331
2236 100506571 0.212022136087017
2237 9019 0.413059606120578
2238 920 0.473160508675242
2239 147179 0.394368372967144
2240 10645 0.198734268392832
2241 7851 0.823484440898278
2242 5396 0.117651446145149
2243 4641 -0.274326371586784
2244 9818 -0.187629790764095
2245 9671 -0.127374695831631
2246 22850 -0.190061247240794
2247 9053 -0.861795499718872
2248 10284 -0.193599194553373
2249 146 0.379882008992498
2250 5407 -0.123386519969707
2251 3636 -0.186538692082367
2252 4644 0.207238524556856
2253 199731 -0.223982062549664
2254 23229 -0.189992197641942
2255 5618 -0.172334940176475
2256 5376 0.926260635934868
2257 26255 0.334995437122686
2258 11073 0.380029888914256
2259 439921 0.82635475088064
2260 55841 0.358592264200279
2261 6839 0.215831110905368
2262 7040 0.849208023896107
2263 10526 -0.12344845651899
2264 54857 -0.185681570712328
2265 8082 0.952851616621721
2266 10492 -0.589170782845426
2267 22921 -0.553518952251542
2268 11332 -0.759523678158388
2269 4176 0.60770920407592
2270 83483 0.940490381089829
2271 3996 0.239959432202466
2272 240 0.421769473700678
2273 5476 -0.743297317722893
2274 22998 -0.513240297664313