1 338799 0.372758555531628
2 54660 0.308354060785097
3 723809 0.250916294224615
4 79969 0.384941170095684
5 79648 -0.272059972525563
6 5362 0.1871896889025
7 1374 -0.19496463816634
8 3320 -0.258360833079399
9 3492 -0.854714546182282
10 6428 -0.217919088331705
11 84284 -0.520295047491103
12 84078 -0.362809225473487
13 8487 -0.194925943486235
14 25936 -0.465633555507689
15 79077 -0.380190428152191
16 93010 0.268227239699075
17 135112 -0.195938072332634
18 157697 -0.4923482828579
19 8609 0.222847021074362
20 51023 -0.123866195896763
21 114907 -0.422023981404051
22 29761 -0.415388220175942
23 79657 -0.408574871463108
24 90701 -0.416206707465472
25 10283 -0.240436889786296
26 55003 -0.275646201710217
27 150291 0.327056146215592
28 283375 0.226968442991675
29 1977 -0.307007995848861
30 201626 -0.270260724062804
31 23155 -0.206269823244751
32 81552 -0.344294233914654
33 10783 0.174108670386905
34 9167 -0.295286488807688
35 9589 -0.176258323299601
36 81873 -0.306763574550075
37 54498 0.651660770217853
38 7019 -0.583596239360131
39 253635 -0.270825313804134
40 28973 -0.355513628511452
41 214 -0.454639555794321
42 378938 0.606170017321601
43 5023 0.576768038567558
44 51634 -0.155435117150916
45 84230 -0.491089236765618
46 84771 1.17315674974139
47 8940 0.188819337143647
48 8754 0.169289856034459
49 6157 -0.434856473753637
50 7430 -0.41391301755226
51 126328 -0.241421108843386
52 54952 -0.242720249136114
53 4065 -0.581363063774569
54 2079 -0.328466645999482
55 5493 -0.15745341139925
56 55816 -0.139147113826025
57 253461 -0.377848775539677
58 7994 -0.331224299809519
59 2057 0.249149936074537
60 64332 1.02900248529283
61 150678 -0.289141114112928
62 440423 -0.217953268309574
63 152926 -0.239533607906313
64 54923 -0.352119695878568
65 9229 0.130105307711076
66 51454 -0.183538141194567
67 23011 -0.265929945543582
68 26037 -0.126188986002584
69 84319 -0.403852079575809
70 199746 0.315355493890188
71 64847 0.675484209220652
72 125228 -0.197745154126179
73 51619 -0.233273927420153
74 7769 0.121314694453429
75 5797 -0.401676670060033
76 23196 -0.141380814410399
77 11035 0.273318352689559
78 57634 -0.390070937284681
79 155038 -0.186494052292665
80 1646 0.234917445020354
81 5191 -0.235705542579026
82 9820 0.201526519765798
83 254863 -0.388027745727694
84 96764 -0.331540586086073
85 55055 -0.321038785678669
86 92610 -1.02945704136457
87 11102 -0.133447126035777
88 8405 -0.195345335305491
89 54993 -0.262468449875567
90 200916 -0.416932815640399
91 4122 0.364453610552216
92 10189 -0.462027541036098
93 80021 -0.228180878391206
94 55319 -0.253049774363024
95 284013 0.337055060800663
96 284184 -0.204431715486228
97 112487 -0.156801927552117
98 1479 -0.33986576983934
99 8514 0.281998682857673
100 657 -0.234186899846962
101 10146 -0.463234765999088
102 23658 -0.600084911277913
103 2220 0.194574984316484
104 4359 0.170564676598687
105 116832 -0.183939658930258
106 3925 -0.339385766937215
107 50809 -0.326810509952268
108 9731 -0.126451393508749
109 85461 0.195216637390905
110 26269 -0.251289710916809
111 81550 -0.248044337638895
112 4711 -0.406947908694223
113 55088 -0.264484842212202
114 374443 0.297784368623163
115 24146 0.302716475947298
116 23137 -0.161938695596103
117 401093 0.354745018247185
118 100130700 0.164607531409171
119 1777 -0.217629940382789
120 51606 -0.270417822915309
121 29079 -0.390789161114384
122 401612 -0.125786105876044
123 85437 -0.335697947585849
124 55869 -0.152340089902589
125 55686 -0.165615973218955
126 3283 0.133355178445183
127 51808 -0.564641338037612
128 80821 -0.337214276264889
129 1355 -0.225130804002292
130 11157 -0.390455271957051
131 51006 0.161768008629012
132 51735 0.135667673677013
133 64710 -0.359869899743186
134 6009 -0.194972753800823
135 7634 -0.109429582851609
136 54948 -0.26141432743615
137 147650 0.194062130235496
138 9625 0.235090899619978
139 160851 -0.2494325840128
140 23025 0.194792371672968
141 55540 0.161661142357948
142 27065 -0.54388144239782
143 123169 -0.27722538391172
144 100287616 -0.152879084657541
145 57481 0.126066926354023
146 116442 -0.227035328306277
147 11257 -0.301463980595107
148 246213 -0.132181686511265
149 6801 -0.164453686138638
150 100130111 0.158855060102379
151 27013 0.218311978723655
152 2917 0.154571559261262
153 22902 -0.352191723520852
154 9883 0.263874288083928
155 84446 0.192565996692194
156 10923 -0.346983229438148
157 9064 0.254956749094651
158 284242 -0.162585576272571
159 3396 -0.346115752440043
160 7336 -0.198481030314663
161 23753 -0.319422292483211
162 51645 -0.342981814545495
163 1316 0.463865850947343
164 7184 -0.372740005438734
165 107 0.307727151406725
166 2530 -0.372605338488254
167 83547 0.283025109622934
168 78992 0.203897938542457
169 2274 0.262473520014166
170 4706 -0.360035047689995
171 7220 -0.156092071546092
172 1810 -0.282439508535781
173 83879 -0.416674077918822
174 55680 0.196942414870503
175 958 -0.325497832089938
176 5346 0.148772522512176
177 79091 0.354673266445415
178 139170 -0.100583211023816
179 54891 0.183369890721819
180 55160 0.249872216767906
181 51295 -0.22226632137091
182 2776 0.268560243865078
183 7706 0.307104783179372
184 54438 0.299179302138529
185 51065 -0.319127318106101
186 55257 -0.249543544099357
187 100129195 -0.154552922814846
188 4791 0.665356711267282
189 102724814 0.206938913070933
190 8328 0.776349476658995
191 51290 -0.269493460009361
192 8065 -0.244367115576939
193 84938 -0.393885245461164
194 29979 -0.508693478313153
195 51550 -0.213526546604256
196 105377276 0.137870934661781
197 8539 -0.36221524517896
198 140775 0.15226120412447
199 79890 0.325794037669775
200 382 -0.296601300733512
201 23061 0.218462952400149
202 6886 0.428681076229886
203 55744 0.183521436466688
204 255394 0.244914300785135
205 80262 0.212488958181607
206 10761 -0.133788627097968
207 56648 -0.143797081253282
208 65990 -0.303774535484356
209 51693 -0.252611190302468
210 79591 0.193305430979399
211 941 0.150693343904478
212 66035 0.192090036899032
213 7341 -0.356637951943372
214 57554 0.128388947144272
215 55276 -0.199226528039902
216 23596 -0.330703351312551
217 54801 -0.263188249858002
218 79784 0.220085463479958
219 9489 0.321208719150946
220 9654 0.286201549307424
221 5800 -0.40563001572472
222 54819 -0.412372029498353
223 3512 -0.936383599363942
224 1982 0.138451611612807
225 8480 -0.258276148858811
226 2261 0.13004170933885
227 84750 0.14953760675014
228 2744 -0.279150846618584
229 5995 0.137744218311661
230 1645 0.277745770506557
231 152195 -0.134870216905461
232 8562 -0.401563384449381
233 23395 -0.274664692296692
234 9972 -0.214237519148724
235 259283 0.430793042003957
236 9682 -0.238587136119039
237 83641 -0.302030596772177
238 7789 -0.244445147285414
239 57107 -0.271939205701367
240 143471 -0.147615343907141
241 51184 -0.405584934606199
242 55733 -0.145098506423002
243 79796 -0.295017236134431
244 134218 -0.279475873818181
245 54951 -0.492875080198434
246 79098 0.153728791838716
247 9205 -0.338399422764199
248 7057 0.633312353481547
249 27145 -0.0859292932497344
250 51552 -0.199470651052087
251 538 -0.229922535703939
252 8503 -0.195090575243788
253 23077 -0.173599511194775
254 9474 -0.371367220521475
255 27148 0.251795906667341
256 643355 -0.111097599660654
257 154467 -0.283801848874871
258 10971 -0.444440231607949
259 149773 -0.138391665443702
260 27004 0.163015824199901
261 10228 -0.217096125733096
262 91801 -0.253412984836568
263 60496 -0.596338147669272
264 64324 -0.165920272007596
265 54981 0.109152935829834
266 3176 0.136891630882246
267 220107 -0.145102450087742
268 6615 0.170685633876064
269 3126 -2.62765120504024
270 64855 0.256356881968883
271 84172 0.124003110721126
272 4287 -0.209981567992874
273 151246 -0.155681073510496
274 196743 -0.229181236615414
275 10569 -0.460850174685222
276 64785 -0.114268533972691
277 22837 -0.247503667548885
278 117177 -0.32595689504453
279 57222 -0.672868358502237
280 10691 -0.258256116277924
281 80012 -0.199273309190973
282 1629 -0.320240479551661
283 11140 0.252302921867303
284 10556 -0.249832831315522
285 64940 -0.192339774589707
286 6385 0.288825864649498
287 11145 0.161213846898847
288 54067 0.207303863720695
289 29844 -0.211459306466582
290 9980 -0.149257990187686
291 27293 0.278857923235947
292 64065 -0.137452631634694
293 29072 -0.428452313258671
294 5465 -0.12632968044625
295 1816 0.183333241483066
296 26497 0.179134880098901
297 6415 -0.281006919743225
298 6489 -0.15644828266963
299 23463 -0.252533724269835
300 9166 -0.524851198750928
301 285440 -0.423108414758036
302 56906 -0.116776517236139
303 3128 -0.280517705343086
304 114882 -0.442271475094014
305 56288 0.239153739275589
306 5796 0.131296699904711
307 80173 -0.204565337353048
308 57001 -0.24765827608119
309 5651 0.164988411583428
310 28998 -0.56648772269904
311 51729 -0.17045526081977
312 23600 -0.143737227009127
313 22897 -0.214498852154381
314 126017 -0.214492715340116
315 55236 0.135411852862195
316 391712 -0.176561725591869
317 9232 -0.418145870358136
318 26223 -0.0986100812539292
319 55609 -0.126972092961245
320 132014 0.130167647974504
321 2188 -0.478866452297998
322 11196 -0.218287804504951
323 64375 -0.199244084621008
324 57473 0.188993677157991
325 79923 -0.174313952754211
326 8870 1.33191318877723
327 6307 -0.555941549632241
328 149076 -0.13686320216387
329 23604 0.223741161980356
330 84309 -0.209272461704552
331 83876 -0.128398737445312
332 280665 -0.125313197631586
333 7743 -0.346037556590248
334 51146 -0.135615018351917
335 1434 -0.375731712651715
336 6666 0.149259484325378
337 90161 -0.112046950834571
338 100506457 0.132146905615484
339 11112 0.16378651070926
340 84815 0.186472532075403
341 57414 0.212492062275684
342 8844 0.213406439464539
343 8647 0.122739838416807
344 22887 0.13629233375938
345 10521 0.223987529308376
346 9410 -0.425889242743994
347 9364 -0.469068559847647
348 6293 0.225725153020855
349 667 -0.320098305387047
350 7993 -0.224854283257248
351 54537 -0.360282611459982
352 348235 -0.258485368959306
353 150696 0.252667162697954
354 26054 -0.246104902446866
355 90390 -0.239976004812553
356 6655 -0.0947791618609273
357 51616 -0.317593346645973
358 81614 -0.223111824422943
359 81696 0.131138688638534
360 404672 -0.477208595408385
361 9060 0.174320183444272
362 125150 -0.570881609345321
363 65993 -0.152601007483135
364 122830 -0.474954323137023
365 50808 -0.32708875991514
366 5968 0.139871873936478
367 7422 0.17470552636728
368 5669 -0.125753156693843
369 27346 -0.197760938984226
370 8992 -0.156965011951764
371 28234 -0.104117752040132
372 25879 -0.272406450780628
373 51441 -0.36722659267283
374 29985 0.233152018918425
375 9187 0.149167283580798
376 51149 0.321019803672712
377 283927 0.234350410186428
378 64121 -0.310349334622733
379 1854 -0.233306326820658
380 374969 -0.312760573554981
381 5834 0.285323622699464
382 133957 -0.188608851537902
383 54879 0.131525192907191
384 56061 -0.205436506666706
385 57151 0.131013117420114
386 1487 -0.243199298182779
387 207147 0.173322093316942
388 54968 -0.178561021846757
389 100996597 -0.0920973040646831
390 9753 -0.148924731898571
391 989 -0.175185838780948
392 85450 0.30639939702323
393 123207 -0.560951557445674
394 835 0.264593709793012
395 22890 -0.262900414991176
396 146059 -0.254509988268784
397 79630 -0.208982390222745
398 22907 -0.0975207891356766
399 93183 -0.300411121064233
400 2822 -0.125180816641892
401 64783 0.145743566843892
402 10948 0.166193740011306
403 261726 -0.46356639150992
404 9134 -0.131206807406726
405 65986 0.266287757836063
406 9014 -0.141542014110147
407 1122 0.13186780875579
408 55973 -0.364380941045193
409 6578 0.151901036445421
410 1164 -0.443685735238943
411 84904 0.187158958258267
412 131920 0.162406909541407
413 25814 -0.240098525721884
414 10845 -0.379253949969583
415 56475 0.153465895594118
416 26271 -0.203458366357684
417 100422737 0.115850147311328
418 10663 0.185591818571121
419 153 -0.15794070262137
420 140691 -0.378995368619581
421 79598 -0.099275194990216
422 261734 0.2512254393288
423 6181 0.131271009202782
424 26155 0.291115873389765
425 9328 0.181148337184057
426 84808 0.297412690576657
427 92181 -0.19696791725261
428 171568 -0.113874715892418
429 10148 0.244918869760142
430 5079 0.234194655273674
431 340481 -0.154219481909101
432 635 0.155641746858059
433 27175 0.187358726877711
434 80854 -0.161803033189253
435 114991 -0.114367801625232
436 101929255 -0.123067733246178
437 770 0.257405349349847
438 64746 -0.471412144266581
439 60559 -0.228579135398693
440 5316 -0.121078839577879
441 79092 -0.15579374700282
442 89869 -0.13122829075447
443 27042 -0.272135194367931
444 90333 -0.424557332974121
445 80178 0.224731998952181
446 79673 -0.314968463351231
447 51258 -0.294063267180403
448 55212 -0.194741281074119
449 7538 0.705456011253268
450 126295 -0.203459840635845
451 113251 -0.123687047292609
452 51067 -0.31787455528695
453 102724449 -0.0949981136271534
454 5284 0.167536784211231
455 1017 0.168703294666931
456 91526 0.141264238843495
457 51728 -0.365093174900238
458 5771 -0.31021352582455
459 9736 0.252179948222804
460 79884 -0.207382114700233
461 4521 -0.265035994953995
462 27018 0.658551866482564
463 51138 -0.541687690256802
464 1965 -0.341031883819632
465 10107 0.170157302173638
466 6194 -0.145347745111744
467 783 -0.0896241905040567
468 101927814 0.104310831217179
469 152137 -0.488378652306556
470 8807 0.485354075154762
471 400622 0.139678118197218
472 518 -0.193586739779306
473 8323 -0.156393074551825
474 8394 0.177721244917961
475 54433 -0.289026285386508
476 8576 -0.23285896648802
477 494470 0.130021142040762
478 54534 -0.383148016291042
479 5719 -0.212757677935964
480 116159 0.124088523059485
481 55012 -0.114421286690599
482 8634 -0.198127462634875
483 7334 -0.278895987465128
484 84838 -0.29019445223991
485 7357 -0.516539231809937
486 9553 -0.256868884179035
487 2017 0.40911147193667
488 148932 0.18296295488712
489 26140 0.173998958445782
490 26184 0.207341651088758
491 8148 -0.329340388817096
492 79586 0.2029071114843
493 84168 0.202534218245876
494 4063 -0.509592656339607
495 23580 -0.213549552649365
496 23276 0.289320438775773
497 114825 -0.187768393028974
498 92255 0.0955757532343418
499 7381 -0.207011478875893
500 57732 -0.246356150119142
501 283856 0.105302762080294
502 58527 -0.456865640102516
503 65008 -0.377722674131415
504 101927550 -0.160642430526196
505 7455 0.3066931013865
506 27335 -0.292515603846573
507 6251 0.653511622943206
508 140901 0.167684050492896
509 92140 -0.330134292436382
510 22921 -0.327935599755656
511 8161 -0.219248186393016
512 102723493 0.128807142706106
513 25831 -0.472475136154461
514 93550 0.131389256496429
515 201625 0.332552007695573
516 54931 -0.39899209436449
517 1750 0.179431199348461
518 5791 0.178550175309181
519 23283 -0.423693578887147
520 26046 -0.108415597212658
521 2058 -0.26525908625135
522 5738 -0.105861912216073
523 55646 -0.391587920113828
524 83452 -0.328615998592736
525 286101 -0.195294123446454
526 9556 -0.265659008889211
527 6097 0.156230088007788
528 80325 0.277114337687098
529 100507057 0.219831202038512
530 55131 -0.237524538908878
531 114794 0.274649302958559
532 5411 0.398116145987723
533 3006 0.367220988856097
534 57226 -0.287513675671549
535 2355 0.242987579734905
536 7337 -0.265260521112067
537 139322 -0.152053336720008
538 83989 -0.307512827518928
539 79618 0.223152760572058
540 84343 -0.133855469414339
541 9443 -0.311203755355033
542 158431 0.150376117833531
543 55234 -0.285123619183175
544 26608 -0.255120009580136
545 6049 -0.549417713693856
546 50615 -0.362044830942965
547 6586 0.200979686337441
548 4751 -0.123442990665046
549 22953 0.155743642441619
550 388531 0.127531772679225
551 521 -0.188569538296451
552 142 -0.316372030947666
553 145678 0.207477291447653
554 5972 0.146821077455212
555 100131213 0.311353838944355
556 284836 0.116871145014827
557 23645 0.89629595289355
558 100131510 0.126736650844477
559 84915 0.140017391338552
560 817 -0.305227693553849
561 196410 0.274068307592609
562 50804 -0.102428118291904
563 221294 -0.218310136714603
564 6182 -0.197471196745252
565 8398 0.27198134004299
566 9270 -0.546783997084073
567 283914 0.18287659765693
568 10077 0.282618483962078
569 63891 0.203964537698006
570 414777 -0.269464857007058
571 54529 -0.376593128604061
572 79184 -0.192313352145391
573 6711 0.165399376769001
574 2778 0.401508165312425
575 64699 -0.122993510719369
576 23105 0.129598696209851
577 2117 0.491912631636082
578 400713 -0.352860422410614
579 1822 0.195150085651346
580 4085 -0.28079263996683
581 4191 -0.273967922446475
582 65080 -0.222885873367206
583 387837 0.217884857462753
584 101929726 0.112996366493315
585 51474 -0.229601401076955
586 80006 -0.279490520703072
587 5969 0.139205162881998
588 441204 0.126392657021171
589 54716 -0.121068478096377
590 5786 -0.346407731290766
591 27336 -0.262337422477487
592 199990 0.181406979543556
593 92421 0.121480478180235
594 123872 0.305961680207697
595 57215 -0.264301403389056
596 27030 0.670879211092408
597 8714 0.421728429582395
598 84570 -0.112201733261021
599 1026 0.580304073462858
600 2572 0.139169515449898
601 245932 0.148021943743943
602 3553 1.88732506368782
603 6633 -0.330227072853964
604 54542 -0.189936338536061
605 3273 0.154809609646188
606 374655 0.240349266235636
607 2072 -0.174467851907509
608 8976 -0.388165294114094
609 5685 -0.353294721726223
610 6405 0.13448947936118
611 6945 -0.182788183606089
612 2693 0.147547945306932
613 7098 -0.119652344737541
614 10342 0.122671513710046
615 3440 0.101342579963187
616 55626 -0.17301673191895
617 3371 0.119232677064452
618 101928040 0.148581861078418
619 92305 0.286633807046608
620 55140 -0.282885180349252
621 200205 0.201639058449151
622 163126 -0.371784336277354
623 145741 -0.139091371629243
624 5037 -0.338900786733143
625 100272147 -0.276554179622892
626 285527 0.132912295556085
627 1896 0.219721301690109
628 51241 -0.322179334849788
629 60528 -0.192716094760397
630 8031 0.43044166167596
631 130916 0.200955154358525
632 29127 -0.321253804275947
633 81611 -0.364847937197252
634 124402 0.243854766003659
635 219688 0.152448418645723
636 4173 -0.23510558737241
637 55283 0.199929489756459
638 84449 0.121250113158252
639 283143 0.0912373033329326
640 29028 -0.194320327131468
641 10097 -0.454554696544795
642 10717 -0.135066971242678
643 5356 -0.27913426499141
644 136647 -0.353061320260148
645 9747 -0.207398218789716
646 116064 -0.156662176762548
647 57642 0.215556714098964
648 1040 -0.160934225111091
649 23759 0.200809296532483
650 81831 -0.162801168005992
651 64857 0.190977705594469
652 55906 -0.176462887958666
653 4820 0.365517079604365
654 79632 -0.104895555143804
655 11062 -0.109612945171969
656 285237 -0.36108861644135
657 55127 -0.214751493382119
658 100506555 0.19086092448464
659 161931 0.266447901413878
660 84733 -0.11850782264757
661 38 -0.568893324530133
662 1737 -0.369938493397685
663 201633 -0.343089178929041
664 80177 0.16859411855311
665 22926 0.229960334473716
666 11116 -0.128895955155104
667 51449 -0.304231311654621
668 374659 -0.206419859209437
669 84259 -0.378800700956658
670 84912 -0.223902806379499
671 843 0.175544346118188
672 6155 -0.168892759576662
673 84656 -0.227839569554352
674 1129 0.139677686029005
675 56171 0.116907437953473
676 10959 -0.367481477165059
677 29107 -0.23411214255505
678 5954 -0.26304108432113
679 144165 -0.371542763390372
680 84250 -0.170411077983096
681 65264 -0.423020280469239
682 79701 0.139042690439513
683 10190 -0.495840387242471
684 161779 -0.178725375159424
685 3417 0.143411445433817
686 84541 -0.253194646878418
687 8089 -0.302121696630167
688 54919 0.165991148409401
689 221472 0.427642134060741
690 92342 -0.494701962997972
691 26520 -0.305766230298076
692 140606 -0.371133350519515
693 51010 -0.221660152825939
694 23598 -0.269455301886785
695 6439 0.277633404960509
696 55614 -0.244185035362658
697 10590 -0.167206498785531
698 84812 0.142100420441813
699 85476 -0.534598501892607
700 203062 0.177520539401534
701 254048 -0.310433392064817
702 23516 -0.285661705112223
703 3111 -0.479168315935051
704 54856 -0.490043561336926
705 1452 -0.315639806721125
706 833 0.118311713190782
707 54805 -0.169916841350767
708 3791 -0.138365136178665
709 91612 -0.329293224414656
710 7247 -0.42580878473576
711 55246 -0.290259851316438
712 101927934 0.140865341708645
713 7070 0.205524248679181
714 79713 -0.275908005209478
715 27296 0.130662546828819
716 79096 0.232310727696234
717 8131 0.358972477357013
718 10501 0.179653974740045
719 26146 -0.158059972377158
720 85444 -0.15532699663347
721 2237 -0.465051300762305
722 84340 0.144835463389257
723 147166 0.16076150678902
724 4704 -0.237209512181709
725 100507495 -0.194999191808178
726 7832 0.294101757899257
727 5111 -0.475041383605546
728 5095 -0.122439819581297
729 221833 -0.120061566285398
730 84820 0.182765924145782
731 763 0.139533055889181
732 10105 0.584272688179626
733 2971 -0.24060421089408
734 54796 0.195101587654541
735 55628 -0.13308962327888
736 439921 -0.710087160777284
737 84695 0.276693306295866
738 51535 -0.426667877084056
739 148137 -0.253965369837085
740 26762 0.115570405000809
741 79929 -0.125877550755215
742 51232 -0.231476521611365
743 1954 0.252566734747079
744 11227 0.118790885921537
745 5089 -0.427687630151084
746 753 -0.209811171099881
747 3215 0.15787545337885
748 92822 0.274988884782101
749 5783 -0.159217044962944
750 101926984 -0.103686374126651
751 146861 -0.116528781304931
752 1778 -0.320004165420873
753 6343 0.30556893598053
754 51386 -0.139214989717617
755 54962 -0.19613962553992
756 2059 -0.289099562110794
757 56907 -0.093844739522023
758 1376 -0.254807633351455
759 25833 -0.128644822262852
760 80759 0.137584641178466
761 114984 0.166858458198565
762 25895 -0.137362036609872
763 116449 -0.130135293459293
764 64108 -0.501008118553799
765 11313 -0.161493243151425
766 5985 -0.33794065138418
767 7169 0.216323374281913
768 57708 -0.209110274143076
769 79587 0.157456816400737
770 9498 0.151536899469753
771 51012 -0.45021454250685
772 686 -0.218836944387138
773 4916 0.166748521673817
774 1829 0.108994213248036
775 400940 0.114434815158303
776 10625 0.491710238222752
777 138199 -0.368790226820424
778 2254 -0.10498984629835
779 79366 -0.0854736841256183
780 84964 0.235355847034709
781 1362 -0.194585236964872
782 56660 0.125869517224197
783 100505812 -0.270679795321055
784 56967 0.254865856422505
785 22990 -0.147373243164612
786 5305 0.382858644914657
787 9991 -0.25285018954599
788 26993 -0.256959196063359
789 116228 -0.241927977206975
790 101927609 -0.249263260367074
791 3673 0.10673709834032
792 388115 0.22329923991312
793 1384 0.300100019045563
794 5866 0.358548921463502
795 51322 -0.202413861712378
796 90196 -0.201764008576858
797 8302 -0.595291829572514
798 5683 -0.360023468489719
799 1207 -0.374394136624576
800 29780 0.58862782414734
801 10424 -0.475386203544838
802 10425 0.220280409056135
803 51187 -0.43418334929046
804 10939 -0.165448599627472
805 85367 0.305714238144541
806 114041 0.179363621874908
807 55777 -0.156576487830241
808 9639 0.20414347064018
809 8800 -0.0899935774310694
810 51622 0.180909098901337
811 4939 -0.230543537696806
812 91149 -0.100384291114192
813 1725 0.204620281543103
814 51642 -0.411171821928499
815 285761 -0.230338055388729
816 55013 -0.297490442205708
817 2623 0.275817999625633
818 3014 -0.228004125597506
819 196403 0.167136947301175
820 1663 0.509972338729511
821 145645 -0.103644618473532
822 208 0.229172248290135
823 223082 -0.218378309857918
824 100505881 0.213026230558012
825 1992 0.415128193434351
826 22929 -0.210833338718253
827 80830 -0.397512007125302
828 729438 0.177649444151438
829 9447 -0.543889488077385
830 5166 -0.126284377485111
831 23216 -0.331088470572702
832 26496 0.0872519683838102
833 3181 0.525868647579188
834 4830 -0.414239218884813
835 84928 -0.194594872675906
836 63877 -0.30005524395335
837 440574 -0.258383182864982
838 7374 -0.269047847167061
839 57575 -0.101306232578427
840 84448 0.132774339660987
841 10217 0.569261963915026
842 81494 -0.0924415728208134
843 25963 -0.117089940045398
844 10480 -0.280107948774946
845 55651 -0.230717434767877
846 56893 -0.282999261947746
847 11178 0.0916824919542911
848 54680 -0.143959891948573
849 51465 -0.386838338016231
850 286006 0.157920175178533
851 114780 0.10108548440218
852 282991 -0.382941115878417
853 7124 1.29268680012893
854 5471 -0.333446332001427
855 10320 0.206849743636022
856 23609 0.189494401563903
857 6240 -0.436477215647241
858 1392 0.28250220681793
859 56993 -0.37520388215296
860 4322 -0.139946377633598
861 4045 -0.108344809633625
862 51181 -0.300495623760115
863 80746 0.207687988399621
864 51260 -0.454859950289747
865 399900 0.243447786996301
866 23042 0.16660459372064
867 8803 -0.456516428459176
868 84700 0.119456855528262
869 79803 -0.307869938145958
870 64969 -0.258442982875168
871 23499 -0.341445718024677
872 5203 -0.433067381985841
873 644794 0.287271356310015
874 29767 0.0809576484490773
875 2181 -0.375880509904858
876 9530 -0.242041621545018
877 114905 0.11275161718166
878 92749 0.193931697980281
879 81542 -0.476028822595543
880 127795 0.100585371620199
881 79087 0.204877441877518
882 26586 -0.370883437512932
883 8536 0.207261960413139
884 5291 -0.315371290073235
885 54455 -0.112553611771116
886 23230 -0.145653497342916
887 57819 -0.32675870924587
888 4152 0.302668094817107
889 151194 -0.254398496785674
890 7704 0.357654743408151
891 51582 0.152249369674039
892 137872 0.36431427188235
893 79621 -0.205223796792018
894 6129 -0.134059135812473
895 10314 0.155343202386494
896 79364 -0.192395391024499
897 22806 -0.503002820581079
898 212 -0.113421196934032
899 79000 0.116272228474171
900 340544 0.132194171178488
901 1160 0.174550202039174
902 26135 -0.226343819630959
903 11339 -0.0975067554121414
904 222068 -0.204894732190715
905 23429 -0.129609544530846
906 7462 -0.210329241412778
907 51527 -0.661067702297329
908 114026 0.103997930781055
909 3984 0.145468074716066
910 4781 0.147203332328367
911 23373 0.244486948417969
912 81627 -0.23171809373927
913 55151 -0.219263069128306
914 168451 -0.439548443028576
915 55720 -0.16789471730252
916 493869 -0.110654321003992
917 51203 -0.303144597823664
918 53405 0.12265474287576
919 23683 -0.335681968314503
920 58528 -0.201678200340269
921 9002 0.115384275869105
922 105371967 0.465424567312619
923 535 0.183913118437123
924 4646 -0.237635112257748
925 8613 0.12591509400662
926 3800 -0.248938183427624
927 401233 -0.169741360365518
928 441150 -0.215252814185692
929 6007 0.14514707564795
930 4247 -0.536285782195691
931 117143 -0.31977383986452
932 58492 -0.134834613019092
933 51637 -0.216669029678904
934 7325 -0.402670882264968
935 27074 -0.262137842207311
936 9415 0.336209887444425
937 151188 -0.20465351219339
938 81688 -0.241627566317408
939 11187 0.198729341086225
940 79954 -0.298667949983769
941 2556 0.114225938061059
942 3007 -0.243335352884228
943 57452 0.11199939367144
944 1041 0.168807167054431
945 94107 -0.40463490975578
946 9570 -0.213770724083298
947 27303 -0.0994053408117415
948 93323 -0.142685581606866
949 203069 -0.174163048764901
950 6925 -0.622019861018014
951 8082 -0.164642933207709
952 84146 -0.425002430534048
953 9976 -0.668403632228568
954 375748 -0.158499467111759
955 4620 0.136986909356758
956 100505687 -0.142341349015999
957 25874 -0.188053559706383
958 51650 -0.301557293990463
959 55669 -0.335721143559519
960 353514 0.256601233737623
961 158056 0.174541730212626
962 5920 -0.321414761538025
963 2638 -0.0863158122057577
964 100506215 0.106904604532903
965 84930 -0.168514228745682
966 79697 -0.39035783128404
967 10211 0.235084025009658
968 3052 -0.312115590967438
969 7295 -0.173505939208275
970 22835 -0.169689146778646
971 9227 0.111928605390982
972 8690 0.226950218999004
973 6324 0.394460971791757
974 54875 -0.11320370405291
975 129852 -0.150705407488556
976 9891 -0.218140688282643
977 166785 -0.118458586058623
978 5375 0.136553533607108
979 56670 0.277809777321743
980 2920 1.52436966982919
981 7052 0.218108149876263
982 100289090 0.150774808682388
983 1830 0.092128569399363
984 10284 -0.317595560125898
985 5087 0.382138582817535
986 50810 -0.106615341741166
987 22906 0.181204144194061
988 25920 -0.335251779514984
989 608 -0.536231844415999
990 55660 -0.196991412333654
991 100128191 0.0935354155763983
992 65082 -0.134689116097749
993 9659 0.212108281561974
994 10730 -0.368482368595583
995 389376 0.090460294782472
996 23732 0.107878059433705
997 11321 -0.273337549408975
998 656 -0.140560100273274
999 5151 0.244086919757997
1000 168455 -0.277629563285887
1001 5108 -0.330661672913107
1002 64073 0.80296665306118
1003 23163 0.199713725272207
1004 1660 -0.196609500389602
1005 64779 0.0899209418100955
1006 10632 -0.251787904408856
1007 8473 0.256898515927509
1008 6821 0.130360327662395
1009 440275 -0.349635141151896
1010 441528 -0.139481390470171
1011 11335 -0.328867160399341
1012 100291666 -0.1123031693155
1013 79892 -0.322083079781334
1014 54960 0.317981326457789
1015 4089 -0.179456557106089
1016 54675 -0.338779200050382
1017 10473 -0.266565438848231
1018 258010 -0.163542729172866
1019 253782 -0.201116889845204
1020 140685 0.18971530710808
1021 130827 -0.0990700593603431
1022 7916 0.16814382422047
1023 285766 0.0943058722766938
1024 338382 0.10826426422121
1025 57106 -0.259560062191718
1026 2066 -0.109738766834689
1027 8320 -0.469964789988414
1028 55252 -0.236017581820938
1029 163081 -0.303952280471442
1030 343099 -0.125722518676969
1031 51081 -0.324707567463547
1032 134510 -0.463241000929365
1033 162073 -0.233068398438415
1034 8667 -0.213508242496011
1035 255758 -0.256202282454594
1036 54535 0.131436351559479
1037 7046 -0.164427466798436
1038 1741 -0.142115606340955
1039 10078 -0.23317620437373
1040 9096 -0.083033474398964
1041 81617 -0.146235436234452
1042 51011 0.208064467248011
1043 280636 -0.218547643765389
1044 79877 -0.242356372515035
1045 163590 -0.372281229781401
1046 57606 -0.138674207319571
1047 7324 -0.103389671134408
1048 642477 0.240734116083119
1049 320 0.110420555591391
1050 29894 0.1606162599807
1051 170685 0.0867178288315147
1052 54585 -0.10539702901755
1053 23172 -0.256533960333804
1054 5727 -0.136229536971813
1055 9223 0.0860407188623169
1056 6397 0.497654579129753
1057 375035 -0.27308268702268
1058 8600 0.0899710501064264
1059 84545 -0.355448896730678
1060 4121 -0.548154056496316
1061 728450 0.152389635559731
1062 100506599 0.0888898527700333
1063 57172 0.201794629731807
1064 55112 0.175403537849091
1065 145173 -0.153260990384186
1066 83695 -0.194215283726023
1067 55888 -0.301303440949778
1068 285464 0.248124705250601
1069 170463 -0.208832251723123
1070 25949 -0.330179584293123
1071 283491 0.180788816351368
1072 387357 -0.540953486592622
1073 1690 -0.408277564944393
1074 60488 -0.401236937383226
1075 118987 -0.14948158305351
1076 5780 -0.13659713479062
1077 8780 0.731143690929043
1078 2673 -0.291094743019157
1079 81605 -0.153318159088865
1080 65977 -0.462557181719332
1081 286207 0.14230918265
1082 84636 -0.133213478250074
1083 23741 -0.320063573057032
1084 22881 -0.158071837754301
1085 3140 -0.272173861529439
1086 55341 -0.399771885485895
1087 6208 0.180073832053232
1088 6152 -0.127591106113499
1089 5136 -0.0904281601418697
1090 54928 -0.222762088988607
1091 81894 0.231715679053643